phylum	palermo_pristine_arenella	palermo_pristine_arenella	palermo_pristine_arenella		palermo_pristine_eleuterio	palermo_pristine_eleuterio	palermo_pristine_eleuterio		castellammare_trawled	castellammare_trawled	castellammare_trawled		castellammare_untrawled	castellammare_untrawled	castellammare_untrawled		palermo_trawled	palermo_trawled	palermo_trawled	
Annelida	1619	0	33		0	0	2487.666667		0	306.3333333	0		0	0	0		0	0	155	
Annelida	0	0	0		9.333333333	0	0		0	0	4		0	0	0		0	0	0	
Annelida	0	3.666666667	208.3333333		0	0	0		0	0	0		0	4	0		0	20.66666667	2.333333333	
Annelida	5.666666667	3	0		0	0	0		0	0	0		2.333333333	0	0		0	0	0	
Annelida	1.333333333	1	0		0	0	1		0	0	0		0	0	0		0	0	0	
Annelida	0	0	0		10.33333333	0	2		0	0	0		0	0	0		0	0	0	
Annelida	3597	0	0		0	0	0		0	0	0		0	0	0		304.6666667	0	0	
Annelida	21648.66667	723.6666667	1271.333333		0	0	0		0	4	0		0	0	0		0	0	0	
Annelida	0	0	0		16	0	3246		0	0	0		0	0	0		0	0	0	
Annelida	0	0	1436		13024.33333	0	0		0	0	0		0	266.6666667	0		0	0	3484.666667	
Annelida	0	0	2516.333333		0	2	1		0	0	0		2	0	0		1	0	0	
Annelida	0	0	0		0	0	1956.666667		0	0	0		0	0	0		0	0	0	
Annelida	0	0	280.6666667		0	0	0		350	130.3333333	648		0	102.3333333	0		0	0	415.6666667	
Annelida	0	560	212.3333333		0	0	0		757.3333333	0	0		0	0	0		0	0	0	
Annelida	0	0	0		0	0	0		0	0	0		0	0	0		1348.333333	0	0	
Annelida	0	0	1136.333333		0	0	0		0	0	0		0	0	0		12.66666667	0	0	
Annelida	0	0	8		0	1	0		7.666666667	6	0		0	4	0		0	0	2.666666667	
Annelida	0	0	0		8.666666667	0	1.333333333		0	0	7.333333333		3.666666667	0	0		0	0	0	
Annelida	0	3.666666667	0		19	0	0		0	0	0		0	0	0		0	0	0	
Annelida	9.666666667	0	270.3333333		0	419.6666667	0		0	0	0		0	0	0		3.666666667	0	0	
Annelida	0	0	0		0	0	0		0	1.666666667	0		10.66666667	0	0		0	0	1.333333333	
Annelida	7	0	0		0	0	568		0	0	0		0	0	0		0	0	0	
Annelida	0	0	158.3333333		0	0	781.6666667		0	0	0		0	0	0		0	0	0	
Annelida	0	0	1		6.666666667	0	2.666666667		0	0	0		0	0	0		0	0	0	
Annelida	0	5.666666667	0		0	0	3.666666667		0	0	2.333333333		0	0	0		0	0	0	
	7	7	12	26	7	3	11	21	3	5	4	12	4	4	0	8	5	1	6	12
																				
Arthropoda	0	0	0		0	0	0		0	0	0		0	0	0		0	0	308	
Arthropoda	0	298	0		0	0	0		0	0	0		0	0	0		0	0	0	
Arthropoda	18	48.33333333	0		0	0	0		0	0	0		0	0	0		0	109.6666667	137.3333333	
Arthropoda	0	0	0		0	0	0		0	0	0		0	0	0		0	0	10.66666667	
Arthropoda	0	0	0		0	0	0		0	3.333333333	1.333333333		0	0	0		0	0	0	
Arthropoda	0	0	0		0	0	0		7	0	0		0	0	0		0	0	0	
Arthropoda	0	0	0		0	0	0		0	5.333333333	0		0	0	0		0	0	8.666666667	
Arthropoda	0	0	0		0	0	0		0	0	0		0	0	0		0	0	25.33333333	
Arthropoda	0	0	34		0	0	0		0	0	0		0	0	0		0	0	302.3333333	
Arthropoda	0	0	0		0	0	170		0	0	0		0	0	0		0	0	0	
Arthropoda	0	0	0		0	159	2.333333333		0	0	0		0	0	0		0	0	0	
Arthropoda	0	0	0		0	0	0		0	0	141.3333333		0	0	0		0	0	0	
Arthropoda	0	0	0		0	0	0		0	0	0		154.6666667	0	0		0	0	0	
Arthropoda	0	0	142.6666667		0	0	0		0	0	0		0	0	0		0	0	0	
Arthropoda	0	0	199.3333333		0	0	0		0	0	0		0	2.333333333	0		0	0	0	
Arthropoda	0	0	0		0	0	0		0	0	0		0	0	0		0	0	145.6666667	
Arthropoda	0	0	0		25.66666667	0	0		0	0	0		12	0	0		1.666666667	0	88.66666667	
Arthropoda	0	0	0		51.66666667	0	0		0	0	85		0	0	0		0	0	0	
Arthropoda	0	0	113		0	0	0		0	0	21.33333333		0	0	0		0	0	0	
Arthropoda	0	0	0		8	108	0		0	0	0		0	0	0		0	0	0	
Arthropoda	0	0	0		0	105	0		0	0	0		0	0	0		8.333333333	0	0	
Arthropoda	0	0	0		0	355.6666667	0		0	0	0		0	0	0		0	0	0	
Arthropoda	0	0	0		9.666666667	2677.333333	0		0	0	0		0	0	0		0	0	4.666666667	
Arthropoda	0	0	114.3333333		0	0	0		0	0	0		0	0	0		0	0	0	
Arthropoda	0	0	0		0	0	0		0	127.3333333	0		0	0	0		0	0	0	
Arthropoda	0	0	0		0	0	0		0	2.333333333	0		114.3333333	0	0		0	0	7	
Arthropoda	0	5	0		0	99.66666667	0		0	7.666666667	0		0	0	0		0	0	2	
Arthropoda	0	0	0		6	0	0		0	0	0		0	0	0		75.33333333	0	0	
Arthropoda	0	0	0		0	33.66666667	0		0	0	0		0	0	0		0	0	54	
Arthropoda	0	0	0		0	0	0		0	0	0		5675.333333	0	0		0	0	0	
Arthropoda	0	0	2.333333333		0	0	0		0	16340	0		0	0	0		1.333333333	0	0	
Arthropoda	0	0	0		0	0	52		0	0	0		0	0	0		0	0	0	
Arthropoda	0	0	9		0	0	0		0	0	0		56.33333333	0	0		0	0	0	
Arthropoda	0	0	0		0	28.66666667	0		0	0	0		0	0	0		5.333333333	0	9.333333333	
Arthropoda	0	1475	0		0	0	0		0	0	0		0	0	0		0	0	0	
Arthropoda	0	0	10531.33333		0	0	0		0	1810.666667	0		0	0	0		0	0	0	
Arthropoda	0	0	43		0	5.333333333	0		0	0	0		0	0	0		0	0	0	
Arthropoda	0	0	0		44.66666667	0	0		0	0	0		0	0	0		0	0	0	
Arthropoda	0	0	1347.666667		0	0	0		0	0	0		0	0	0		0	0	0	
Arthropoda	0	0	0		0	0	21.33333333		0	1849.333333	0		0	0	0		0	0	0	
Arthropoda	0	27.66666667	7.666666667		0	0	0		0	0	0		0	0	0		0	0	0	
Arthropoda	0	1	64.66666667		0	1130.666667	0		0	0	0		0	0	0		0	0	0	
Arthropoda	0	0	7.666666667		0	0	0		0	1281.333333	0		0	0	0		0	0	3.333333333	
Arthropoda	0	0	23.33333333		0	0	0		0	0	0		0	0	0		0	0	0	
Arthropoda	0	0	0		0	0	0		0	0	10.66666667		12	0	0		0	0	0	
Arthropoda	0	0	0		0	0	0		0	0	0		0	0	0		0	0	28.66666667	
Arthropoda	0	3.666666667	2		0	0	0		1.333333333	3.666666667	14.33333333		3.666666667	0	0		1.333333333	1.333333333	8.333333333	
Arthropoda	0	0	0		24.66666667	0	0		0	0	0		0	0	0		0	0	0	
Arthropoda	0	0	0		0	0	0		0	0	0		0	0	0		26.33333333	0	0	
Arthropoda	0	0	0		0	0	0		0	7	0		0	0	0		0	0	15.66666667	
Arthropoda	0	0	0		0	719.6666667	0		0	0	0		0	0	0		0	0	0	
Arthropoda	0	0	0		0	0	0		0	0	0		0	0	0		647.6666667	0	0	
Arthropoda	0	0	0		0	8.333333333	0		0	2	0		0	0	0		0	0	35.33333333	
Arthropoda	0	0	0		18	0	0		0	0	0		0	0	0		0	0	0	
Arthropoda	0	0	0		4	0	0		4.333333333	2.333333333	0		0	0	0		0	0	10.33333333	
Arthropoda	0	0	0		0	0	0		22.66666667	533	0		0	0	0		0	0	0	
Arthropoda	0	0	0		0	2	0		0	0	0		0	0	0		0	0	55.66666667	
Arthropoda	0	0	0		0	0	0		5.666666667	0	0		2.666666667	0	0		8	0	0	
Arthropoda	0	0	856.6666667		0	0	0		0	0	0		0	0	0		0	0	0	
Arthropoda	0	3.333333333	0		0	0	4.666666667		0	0	0		0	0	0		0	7	6.333333333	
Arthropoda	0	0	0		0	0	0		0	0	0		0	0	0		515	0	0	
Arthropoda	0	0	0		0	0	0		9.666666667	4.666666667	0		0	0	0		0	0	0	
Arthropoda	0	0	0		0	0	0		0	0	0		0	0	0		16	0	0	
Arthropoda	0	0	0		0	19.66666667	2.333333333		0	0	0		0	0	0		0	0	0	
Arthropoda	0	0	644.6666667		0	0	0		0	0	0		0	0	0		0	0	0	
Arthropoda	0	0	176.6666667		0	363	0		0	1.333333333	0		0	0	0		0	0	0	
Arthropoda	0	0	0		0	0	0		0	0	0		0	0	0		11	0	3	
Arthropoda	0	0	0		0	23938.66667	11		0	0	0		0	0	0		380	0	11380.33333	
Arthropoda	0	0	0		0	0	13.33333333		0	0	0		0	0	0		4	0	0	
Arthropoda	291.3333333	0	0		0	0	0		0	0	79.33333333		0	0	0		0	0	0	
Arthropoda	0	0	0		0	0	0		0	0	11		0	0	0		0	0	0	
Arthropoda	0	0	345.3333333		0	0	2.666666667		0	0	0		0	0	0		0	0	0	
Arthropoda	0	0	0		0	0	0		0	0	10.66666667		0	0	0		0	0	0	
Arthropoda	0	271.3333333	0		0	0	0		0	0	54.66666667		0	0	0		0	0	0	
Arthropoda	0	0	0		0	4.333333333	6.666666667		0	0	0		0	0	0		1.333333333	0	3.333333333	
	2	9	19	30	9	17	10	36	6	16	10	32	8	1	0	9	15	3	24	42
																				
Bryozoa	0	0	21		0	977.3333333	0		0	0	0		64.33333333	0	0		0	0	0	
	0	0	1	1	0	1	0	1	0	0	0	0	1	0	0	1	0	0	0	0
																				
Chordata	0	0	0		0	0	3.333333333		5	0	0		0	0	0		0	0	0	
Chordata	0	2	1.333333333		0	0	0		0	0	1.666666667		1.666666667	0	0		0	4.333333333	3	
Chordata	0	0	0		0	0	4.333333333		0	0	0		0	0	0		3.333333333	0	2.333333333	
Chordata	0	0	0		0	2.333333333	2.666666667		0	0	0		2.666666667	0	0		0	0	0	
Chordata	1.333333333	0	0		7	0	0		0	0	0		0	0	0		0	0	0	
Chordata	38.33333333	0	0		0	0	0		0	0	0		0	0	0		0	0	0	
Chordata	5.666666667	7.333333333	2.333333333		11.33333333	1	7.666666667		14.33333333	5	14		3.333333333	0	0		3.333333333	3.333333333	11	
Chordata	0	0	0		9.666666667	0	0		0	0	8		1.666666667	0	0		0	96.33333333	4.333333333	
Chordata	5.333333333	1.333333333	1.333333333		0	1	3.666666667		8.666666667	0	8.333333333		0	0	0		4	0	0	
Chordata	4.333333333	0	0		0	12	4		5	4.666666667	7.666666667		2.333333333	0	0		1.333333333	0	2.333333333	
Chordata	3.333333333	8	0		6	0	0		0	4	3.666666667		2.333333333	0	0		0	9	6	
Chordata	5	0	0		26.66666667	3	0		0	1.666666667	0		0	0	0		0	3.333333333	0	
Chordata	0	0	14.33333333		0	0	0		0	0	0		0	0	0		0	0	9	
Chordata	0	0	0		0	0	5		0	0	0		0	0	0		0	15.66666667	0	
Chordata	0	1	4.666666667		1.666666667	0	0		0	2	5.666666667		0	5	0		0	0	1.666666667	
Chordata	36	13.66666667	63		40.66666667	37	19.33333333		36.66666667	31.66666667	102		26.66666667	2.666666667	97		52.33333333	5.333333333	17.33333333	
Chordata	12	0	0		0	0	1.666666667		0	0	0		0	0	0		0	0	0	
Chordata	0	9	0		3.333333333	0	1		0	1	0		0	0	0		0	3.666666667	0	
Chordata	0	0	0		0	0	0		1	0	14		0	0	0		0	0	0	
Chordata	0	0	0		0	0	0		0	0	4.666666667		1	0	0		0	0	0	
Chordata	0	0	84.33333333		0	0	0		0	0	0		0	0	101.6666667		0	0	0	
Chordata	0	0	0		13	0	0		0	0	0		0	0	0		0	0	6.333333333	
Chordata	0	0	0		0	0	1.666666667		6.666666667	0	0		0	0	0		0	0	0	
	9	7	7	23	9	6	11	26	7	7	10	24	8	2	2	12	5	8	10	23
																				
Cnidaria	0	0	0		0	3.333333333	0		0	1.333333333	0		0	0	0		0	0	0	
Cnidaria	8.333333333	0	0		2.666666667	0	0		0	0	0		0	0	0		0	0	0	
Cnidaria	19.33333333	2	4		25.33333333	6.333333333	3.666666667		22.66666667	4.666666667	8		10.66666667	0	0		5.333333333	71.66666667	8	
Cnidaria	0	0	0		0	0	7.666666667		0	1.666666667	0		3.666666667	2.666666667	153.3333333		0	0	2.666666667	
Cnidaria	0	27.66666667	1		75	0	7		1	1.333333333	39.33333333		11.66666667	4.666666667	0		1	7	10.33333333	
Cnidaria	15	98.33333333	8		0	0	1.666666667		0	0	7.333333333		0	0	0		2.666666667	0	0	
Cnidaria	0	9.333333333	7.666666667		18	13	0		17	6.333333333	0		20	2	0		11.66666667	6	15	
Cnidaria	4	12.33333333	13.33333333		14.66666667	6	2.333333333		7	2.666666667	17.33333333		7.666666667	0	0		5	0	3.666666667	
Cnidaria	0	8.333333333	7.666666667		15.33333333	0	0		7.333333333	4	13.33333333		2.666666667	0	0		4.666666667	0	0	
Cnidaria	0	0	0		0	9.333333333	0		0	0	0		0	0	0		0	0	2.666666667	
Cnidaria	0	0	0		0	3.333333333	0		0	9.333333333	0		0	0	0		1.333333333	1	0	
Cnidaria	10.66666667	0	0		0	0	2		0	0	0		0	0	0		1	0	0	
Cnidaria	0	0	7.333333333		0	0	0		3	0	0		0	0	0		0	0	0	
Cnidaria	0	0	0		0	0	0		0	0	11.33333333		0	0	0		0	0	1.666666667	
Cnidaria	0	0	8		0	9.333333333	0		0	0	0		2	0	0		0	0	0	
Cnidaria	0	0	0		0	0	3.666666667		0	0	0		11.66666667	0	0		0	0	0	
Cnidaria	0	0	2		8.666666667	0	0		0	0	0		0	0	0		0	5.333333333	0	
Cnidaria	0	0	0		7.666666667	0	0		0	0	0		0	0	0		2	0	0	
Cnidaria	0	0	0		2	0	2		5.333333333	0	0		0	2.333333333	0		0	1.333333333	2.333333333	
Cnidaria	0	1.333333333	0		0	0	0		1.666666667	1.333333333	0		3.333333333	0	0		4.666666667	0	5	
Cnidaria	0	5.666666667	0		6.333333333	0	0		0	5.666666667	0		0	0	0		0	0	2.666666667	
	5	8	9	22	10	7	8	25	8	10	6	24	9	4	1	14	10	6	10	26
																				
Gastrotricha	0	0	82.66666667		0	172.6666667	0		44.66666667	0	60		0	0	0		0	0	10.66666667	
Gastrotricha	0	0	210.6666667		0	0	0		0	1	0		0	0	0		0	0	0	
Gastrotricha	0	3.666666667	0		0	0	0		103	44	67		0	0	0		0	0	0	
Gastrotricha	0	152.6666667	0		0	0	0		0	0	0		0	0	0		0	0	0	
Gastrotricha	0	0	0		0	0	0		0	0	0		0	0	0		97.33333333	0	0	
Gastrotricha	0	0	0		0	0	0		0	0	120.3333333		0	0	0		0	0	0	
Gastrotricha	0	165.6666667	0		0	0	0		0	0	0		0	0	0		0	0	1	
Gastrotricha	0	0	109		0	0	0		0	0	0		0	0	0		0	0	0	
Gastrotricha	0	0	0		41.66666667	27	0		0	0	0		0	0	0		0	0	0	
Gastrotricha	0	0	0		0	0	0		0	30.66666667	0		0	60	0		0	0	0	
Gastrotricha	0	0	54.66666667		0	0	0		0	0	0		0	0	0		0	0	0	
Gastrotricha	0	78	0		0	0	0		0	0	0		0	0	0		0	0	888.3333333	
Gastrotricha	0	0	0		0	0	0		14	0	0		0	0	0		0	0	0	
Gastrotricha	0	36	822		0	0	0		0	0	0		0	0	0		0	0	0	
Gastrotricha	0	0	16.66666667		0	0	0		0	0	0		0	0	0		0	0	0	
Gastrotricha	0	8	1		0	0	0		0	0	0		0	0	0		0	0	0	
	0	6	7	13	1	2	0	3	3	3	3	9	0	1	0	1	1	0	3	4
																				
Hemichordata	159.6666667	1866.666667	166.3333333		1016	0	94.66666667		0	0	0		0	96.33333333	323.6666667		827.3333333	158.3333333	743	
Hemichordata	0	0	0		0	0	0		0	0	291		0	0	0		0	0	0	
	1	1	1	3	1	0	1	2	0	0	1	1	0	1	1	2	1	1	1	3
																				
Kinorhyncha	0	0	0		3.666666667	188	27.33333333		0	6.333333333	0		0	219	0		85	0	2233.666667	
Kinorhyncha	0	0	3.666666667		0	0	0		0	913	0		0	0	0		631.3333333	0	0	
Kinorhyncha	0	0	0		0	0	22.33333333		0	0	0		0	0	0		0	0	0	
	0	0	1	1	1	1	2	4	0	2	0	2	0	1	0	1	2	0	1	3
																				
Loricifera	0	0	0		0	0	0		0	0	6077.666667		0	0	0		0	0	0	
	0	0	0	0	0	0	0	0	0	0	1	1	0	0	0	0	0	0	0	0
																				
Mollusca	0	4876	0		0	0	4		0	0	0		0	236200	0		0	0	0	
Mollusca	4.333333333	0	0		8	1	0		0	0	0		0	0	0		0	7.666666667	0	
Mollusca	0	0	0		5	0	0		0	0	0		0	0	0		3	0	0	
Mollusca	0	0	0		5.333333333	0	0		0	0	0		0	0	0		0	0	0	
Mollusca	0	3	0		0	0	0		0	0	0		7.333333333	0	0		0	0	0	
Mollusca	4.666666667	0	0		0	2	0		0	6	0		109.6666667	14.66666667	119.6666667		0	0	0	
Mollusca	4	0	3.666666667		0	0	0		0	0	0		0	0	0		0	0	1.333333333	
Mollusca	0	0	0		0	0	0		0	0	0		0	0	0		0	0	6.666666667	
Mollusca	0	0	0		5.666666667	7.666666667	7.666666667		0	0	7		0	0	145		7.333333333	0	8	
Mollusca	0	3	117.3333333		0	0	49.33333333		0	0	0		0	2.333333333	0		0	0	0	
Mollusca	4.666666667	0	0		0	8	0		0	0	0		0	8.666666667	139		0	0	0	
Mollusca	5.333333333	0	0		0	2101.666667	0		0	0	0		11.66666667	0	0		3.333333333	0	0	
Mollusca	42	0	0		0	12.66666667	0		0	0	0		0	0	0		0	36	2.666666667	
Mollusca	0	0	0		0	5	14		0	0	7.333333333		36.66666667	0	0		0	0	0	
Mollusca	0	17	14.66666667		0	1	0		0	0	0		0	0	0		0	0	0	
Mollusca	27.66666667	0	0		0	0	0		1	0	0		0	0	0		0	0	0	
Mollusca	0	0	0		0	0	0		0	0	0		0	0	0		0	19.33333333	0	
Mollusca	0	0	0		0	9.666666667	0		0	0	0		8.333333333	13.66666667	0		0	0	0	
Mollusca	0	0	0		0	13.33333333	0		0	0	0		5	0	0		0	0	0	
Mollusca	0	0	0		7.666666667	0	0		0	0	8.666666667		0	0	0		2.666666667	0	0	
Mollusca	0	0	7.333333333		0	0	6.666666667		0	0	0		0	0	0		0	2.666666667	0	
Mollusca	0	0	2.666666667		0	0	0		0	0	0		1.333333333	0	0		0	0	0	
Mollusca	0	0	0		0	0	0		4.333333333	0	0		0	0	0		0	0	10.66666667	
Mollusca	0	0	6.666666667		0	0	0		0	0	0		0	0	0		0	0	2.333333333	
Mollusca	0	0	3.666666667		9.666666667	0	0		0	0	0		0	0	0		0	0	0	
Mollusca	0	0	0		2	0	0		0	0	0		0	0	0		0	5.666666667	0	
Mollusca	0	8.333333333	0		0	0	0		0	0	0		0	0	0		0	1	0	
Mollusca	0	0	0		0	0	0		0	0	0		0	0	0		0	0	9.666666667	
	7	5	7	19	7	10	5	22	2	1	3	6	7	5	3	15	4	6	7	17
																				
Nematoda	0	0	0		0	0	0		0	0	0		0	0	4557.333333		0	0	24.33333333	
Nematoda	0	0	0		0	0	330.3333333		0	0	0		0	0	0		0	0	0	
Nematoda	0	0	0		0	0	0		0	0	9		0	0	0		0	0	0	
Nematoda	8	0	0		0	0	5.333333333		0	0	0		0	0	0		0	0	0	
Nematoda	0	29.33333333	0		0	4	0		104	5.333333333	99.66666667		0	0	0		91	0	0	
Nematoda	0	0	0		0	0	0		0	0	0		0	4	0		0	0	13.33333333	
Nematoda	0	0	0		0	0	0		0	0	0		0	0	0		0	0	285.6666667	
Nematoda	0	0	0		0	0	0		0	4.666666667	0		0	0	0		3.333333333	0	0	
Nematoda	0	0	0		0	0	6860.666667		0	0	0		0	0	0		0	0	0	
Nematoda	0	10	0		0	0	0		0	0	0		0	0	0		0	0	0	
Nematoda	0	41.66666667	28.66666667		0	36	0		0	0	123.3333333		0	0	0		15	0	83.33333333	
Nematoda	0	0	0		0	0	0		0	0	0		0	0	0		11.33333333	0	0	
Nematoda	0	0	0		0	0	0		0	0	0		0	0	0		4613.666667	0	0	
Nematoda	0	0	0		0	0	0		0	0	0		346.6666667	0	0		0	0	0	
Nematoda	0	0	0		0	0	0		0	0	0		287.6666667	27.33333333	0		0	0	0	
Nematoda	0	0	0		0	35	0		0	0	0		0	0	0		307.3333333	0	0	
Nematoda	0	0	0		0	0	584.3333333		0	0	0		0	0	0		133.3333333	0	0	
Nematoda	0	0	0		0	4.666666667	0		0	10.33333333	0		0	0	0		0	0	0	
Nematoda	0	0	0		0	0	0		0	0	0		3.666666667	0	0		0	0	7.666666667	
Nematoda	0	0	0		94.33333333	2	2.666666667		0	7.666666667	0		9	0	0		43.33333333	145.3333333	0	
Nematoda	0	0	0		0	0	4388		0	0	0		0	0	0		0	0	0	
Nematoda	0	0	0		0	0	0		0	0	0		0	0	0		116.3333333	0	162.6666667	
Nematoda	0	0	0		0	0	0		0	0	0		0	0	0		0	0	408.6666667	
Nematoda	0	0	0		0	0	0		0	0	0		0	0	0		1	0	13.33333333	
Nematoda	0	0	0		0	282.3333333	0		0	0	0		0	0	0		0	0	0	
Nematoda	0	0	9.333333333		0	0	0		6.666666667	0	0		0	0	0		0	0	0	
Nematoda	11	0	0		0	3501.666667	0		0	0	0		34.66666667	0	0		1200	0	2.666666667	
Nematoda	0	0	0		0	0	183.3333333		14	0	30.33333333		0	0	0		67.33333333	0	83.33333333	
Nematoda	0	6.333333333	0		0	0	0		0	0	0		0	0	0		0	0	0	
Nematoda	0	0	0		0	0	0		0	0	0		294.3333333	0	0		0	0	0	
Nematoda	0	0	0		16	0	36.66666667		52	0	0		0	0	0		24.33333333	137.3333333	26	
Nematoda	0	0	0		0	0	0		0	0	0		10	0	0		0	0	0	
Nematoda	0	0	0		0	0	0		0	0	0		0	0	242.3333333		0	0	21.33333333	
Nematoda	0	0	0		0	27.33333333	0		0	0	0		211.6666667	0	0		0	0	21.33333333	
Nematoda	0	0	0		0	0	0		0	0	0		0	0	0		259	0	0	
Nematoda	0	0	0		0	0	0		0	0	0		0	0	0		0	0	15.66666667	
Nematoda	0	0	0		0	0	0		0	0	0		0	0	0		11	0	0	
Nematoda	0	0	0		0	0	296.6666667		0	0	0		0	0	0		123.3333333	0	0	
Nematoda	0	0	0		20.33333333	0	0		0	0	0		0	0	0		0	382.3333333	0	
Nematoda	0	0	4.666666667		0	0	0		0	0	0		0	0	0		4.666666667	0	0	
Nematoda	0	70.33333333	45		141.3333333	0	0		0	0	0		0	0	0		0	0	9	
Nematoda	0	0	0		0	0	0		0	0	267.6666667		0	0	0		0	0	0	
Nematoda	0	0	0		0	0	0		271.3333333	0	0		0	0	0		0	0	0	
Nematoda	0	0	0		16.33333333	1.333333333	0		0	0	0		0	0	0		0	0	0	
Nematoda	0	0	0		0	7.333333333	0		0	5.666666667	0		0	0	0		0	0	0	
Nematoda	0	0	0		0	0	0		0	0	0		0	0	0		1	0	4.666666667	
Nematoda	0	152.3333333	48.33333333		0	111.3333333	0		0	381.3333333	0		60.33333333	0	0		1.666666667	0	0	
Nematoda	0	0	228.3333333		0	0	0		7.666666667	0	0		0	0	0		0	0	0	
Nematoda	0	0	0		0	0	0		0	0	0		652.6666667	0	0		0	0	0	
Nematoda	0	0	0		0	8	0		0	0	0		0	0	0		0	0	0	
Nematoda	0	0	0		0	1	0		0	0	0		201	21.66666667	0		0	0	0	
Nematoda	47.66666667	0	0		0	0	730		0	0	0		0	0	0		0	3465.666667	0	
Nematoda	0	0	1		0	0	0		0	0	0		0	0	0		0	0	5.333333333	
Nematoda	178.3333333	0	0		0	13	0		0	0	0		0	0	0		0	0	47.33333333	
Nematoda	0	0	0		0	0	0		0	0	0		270.3333333	0	0		0	0	0	
Nematoda	0	0	0		3	0	0		0	0	0		0	0	0		1.666666667	0	8.333333333	
Nematoda	0	0	0		0	0	0		0	0	0		219	18.66666667	0		0	0	52.66666667	
Nematoda	65.33333333	0	0		0	0	0		0	0	0		18.33333333	0	111.6666667		0	194.6666667	0	
Nematoda	0	0	0		0	85	35.33333333		0	0	0		6	0	0		27.33333333	135.3333333	0	
Nematoda	0	0	0		0	0	0		3910	0	0		0	0	0		0	0	0	
Nematoda	0	5.666666667	0		0	0	0		0	0	0		0	9.666666667	0		0	0	0	
Nematoda	0	0	0		0	0	0		0	0	0		0	0	0		17.33333333	3.333333333	4	
Nematoda	0	0	0		0	14	0		0	0	0		0	0	193		0	0	0	
Nematoda	0	0	0		0	0	0		0	0	0		124.3333333	135.6666667	0		0	0	0	
Nematoda	0	0	0		0	0	0		0	0	0		0	0	0		3.333333333	298.6666667	0	
Nematoda	0	0	0		0	0	0		0	0	0		0	0	0		4378.333333	0	0	
Nematoda	0	0	0		0	6	0		0	0	0		0	0	0		0	0	0	
Nematoda	0	0	0		0	0	460.6666667		0	0	0		0	0	0		1	0	0	
Nematoda	0	0	0		0	89.66666667	0		0	0	0		0	0	0		128.6666667	0	0	
Nematoda	0	0	0		0	0	0		0	0	0		0	375	0		0	0	0	
Nematoda	5.666666667	3.666666667	0		0	0	0		0	0	0		0	0	0		0	0	0	
Nematoda	3.666666667	0	0		0	0	0		0	0	0		0	0	0		0	228.6666667	0	
Nematoda	6	0	0		0	0	1.666666667		0	0	0		0	0	0		0	0	0	
Nematoda	0	21.33333333	133.6666667		41.33333333	25	0		0	0	0		0	0	0		0	0	0	
Nematoda	0	0	0		0	0	0		0	0	0		0	0	0		382.6666667	0	0	
Nematoda	0	0	0		185.6666667	0	0		0	0	0		0	0	0		0	0	0	
Nematoda	0	0	0		0	4146	0		0	0	0		0	0	0		0	0	0	
Nematoda	0	0	0		10.33333333	0	0		195.3333333	0	0		0	0	0		0	0	87	
Nematoda	0	0	0		0	0	0		0	0	0		336	0	0		0	0	0	
Nematoda	0	0	0		0	0	0		0	0	0		0	0	0		1	0	2	
Nematoda	0	0	0		0	0	0		0	0	0		0	0	0		15.33333333	0	0	
Nematoda	0	0	0		0	10.33333333	2.666666667		0	0	0		0	0	0		221.6666667	61.66666667	0	
Nematoda	0	0	0		0	0	0		0	0	0		0	0	0		0	224	0	
Nematoda	0	0	0		0	0	0		0	0	0		0	0	0		0	208	0	
Nematoda	0	0	0		0	0	0		0	5	0		0	0	0		0	0	4254	
Nematoda	0	0	0		0	0	0		0	0	0		225.3333333	0	0		0	0	0	
Nematoda	186.3333333	0	0		0	0	0		0	0	0		0	0	0		0	13.33333333	0	
Nematoda	0	0	0		0	0	0		0	0	0		0	0	0		0	5108	0	
Nematoda	0	0	0		0	0	0		0	0	304.3333333		0	0	0		0	0	0	
Nematoda	0	0	0		0	0	0		0	0	0		0	0	0		0	179.6666667	0	
Nematoda	0	0	0		2787.333333	688.6666667	0		0	0	0		0	0	0		0	0	0	
Nematoda	0	0	0		0	0	0		0	0	0		0	0	0		221.3333333	0	145.6666667	
Nematoda	181.3333333	0	0		0	0	0		0	0	0		0	0	0		4	0	0	
Nematoda	0	0	0		0	0	0		0	0	0		3429.333333	0	0		0	0	0	
Nematoda	0	0	0		100	146.3333333	0		0	33.66666667	0		0	0	0		38.33333333	0	81	
Nematoda	0	0	0		0	0	0		0	0	0		88.33333333	0	84.33333333		0	0	0	
Nematoda	2616	0	0		94.66666667	0	0		0	0	0		0	0	0		159	800.3333333	150	
Nematoda	0	0	0		0	0	0		0	0	0		10.33333333	0	151		7.666666667	0	0	
Nematoda	0	0	0		0	0	0		0	0	0		78.33333333	0	0		0	0	328	
Nematoda	0	0	0		0	0	0		0	0	0		220	0	0		0	0	147.6666667	
Nematoda	0	0	0		0	0	0		373	0	0		3091.333333	0	0		0	0	0	
Nematoda	0	0	0		0	0	0		0	0	0		0	0	0		264.6666667	0	0	
Nematoda	0	87.33333333	137.6666667		0	0	0		0	0	0		0	0	0		0	0	0	
Nematoda	0	0	0		0	0	0		0	256	0		0	13.66666667	0		0	0	0	
Nematoda	0	81	0		0	237.6666667	0		0	17	0		0	3	0		9.666666667	0	0	
Nematoda	7430	74.66666667	0		0	0	70.33333333		226.3333333	0	0		182.3333333	0	0		3	0	229.6666667	
Nematoda	0	0	0		0	0	0		0	0	0		0	0	0		0	0	183.6666667	
Nematoda	0	6.333333333	21.66666667		138.6666667	46.66666667	0		0	0	0		0	0	0		3	0	11.66666667	
Nematoda	0	0	0		0	0	0		0	0	0		0	0	0		152	0	0	
Nematoda	0	0	0		0	0	0		0	0	788.6666667		0	0	0		0	0	0	
Nematoda	0	0	0		0	0	290.3333333		0	0	0		0	0	0		0	0	0	
Nematoda	0	0	0		0	0	0		0	0	0		212	0	0		0	0	0	
Nematoda	22.33333333	0	0		0	0	0		0	0	0		1752.666667	0	0		1671.333333	0	0	
Nematoda	0	0	0		0	0	0		0	1.666666667	0		156.6666667	1.333333333	0		0	0	0	
Nematoda	0	56.66666667	27.33333333		0	10	18.33333333		0	221	0		0	0	0		113.3333333	0	2	
Nematoda	0	0	0		72	0	213.6666667		0	0	0		0	0	0		0	0	0	
Nematoda	0	0	0		0	0	0		157.6666667	0	0		0	0	0		0	0	0	
Nematoda	0	0	0		0	0	0		0	0	0		0	0	0		1698.666667	0	1842.333333	
Nematoda	0	0	0		0	0	0		0	0	41.66666667		197.6666667	0	0		0	0	0	
Nematoda	0	0	6.333333333		4.666666667	31	0		0	0	0		119	0	0		27.66666667	0	41.33333333	
Nematoda	0	0	0		0	0	0		0	0	0		0	0	0		3228	0	0	
Nematoda	0	3.333333333	0		27.33333333	0	387.6666667		0	0	0		0	0	0		0	0	22.33333333	
Nematoda	0	0	0		0	0	0		0	7.333333333	36		0	0	0		0	117.3333333	0	
Nematoda	0	0	0		0	1081.333333	0		2674.666667	0	0		0	0	0		16.33333333	0	0	
Nematoda	66.66666667	0	12.66666667		0	7.333333333	33.66666667		0	0	0		82.66666667	0	0		0	0	17.33333333	
Nematoda	0	0	0		0	0	151.3333333		0	0	0		0	0	0		0	0	0	
Nematoda	0	0	0		0	0	0		0	0	0		158.3333333	23.66666667	0		0	0	0	
Nematoda	0	0	0		30.66666667	0	0		0	0	0		0	0	0		136.3333333	0	10.66666667	
Nematoda	23	118.6666667	11.66666667		137.3333333	0	1012.666667		2.666666667	202	99.66666667		1438.666667	0	0		520.6666667	450	417	
Nematoda	0	0	0		0	0	0		0	0	158.3333333		0	0	0		0	0	0	
Nematoda	0	0	0		0	0	0		0	0	0		0	0	132.6666667		0	5.666666667	0	
Nematoda	0	0	798		982	0	0		0	0	0		5	0	0		515	0	1442	
Nematoda	152.6666667	0	63		0	0	0		0	0	0		0	0	0		0	0	0	
Nematoda	45	0	69		0	0	0		0	0	0		39.66666667	0	0		0	0	0	
Nematoda	0	0	0		0	0	0		230	0	0		0	0	0		0	0	0	
Nematoda	0	0	57		0	0	0		0	0	0		97	0	0		0	0	4.333333333	
Nematoda	0	169	117		282	532.6666667	368.3333333		0	59	0		735.3333333	74.33333333	0		513	0	0	
Nematoda	26	0	0		64.66666667	8.666666667	19		0	0	5.333333333		0	0	0		13.33333333	0	0	
Nematoda	0	0	0		0	0	0		0	0	0		0	0	0		164.6666667	0	0	
Nematoda	0	109	0		24.33333333	0	0		0	0	0		0	0	0		3	0	0	
Nematoda	0	0	131		0	0	0		0	0	0		0	0	0		0	0	0	
Nematoda	0	0	0		0	0	0		0	0	0		0	0	0		0	0	148	
Nematoda	0	0	0		0	0	0		45.33333333	9.666666667	65.33333333		0	0	0		0	0	13.33333333	
Nematoda	0	0	43.33333333		4.666666667	0	0		0	0	0		0	4.666666667	0		138.6666667	0	11.66666667	
Nematoda	0	0	0		0	0	0		0	0	0		0	0	0		2851.666667	0	0	
Nematoda	0	0	0		0	0	0		0	0	0		0	0	3131.333333		13707.66667	0	6419.333333	
Nematoda	0	0	0		0	0	0		0	0	0		0	150	0		0	0	0	
Nematoda	0	0	0		70.66666667	13.33333333	12.66666667		0	0	14		0	0	0		15	0	0	
Nematoda	0	0	0		0	0	1		0	0	0		0	0	0		1.333333333	135	0	
Nematoda	0	0	0		0	3	0		0	0	0		0	0	0		4519	0	1	
Nematoda	0	0	0		0	0	46.66666667		0	0	0		0	0	0		0	145.3333333	0	
Nematoda	0	0	115		0	0	0		0	0	0		0	0	0		0	0	0	
Nematoda	0	0	2296.333333		0	328.3333333	241		0	0	0		0	0	0		0	0	0	
Nematoda	0	0	0		0	0	0		34.33333333	2	26		50	0	0		16.66666667	0	8.333333333	
Nematoda	0	2.666666667	0		1	607.3333333	306.3333333		0	0	0		4	603.6666667	0		584	0	558.3333333	
Nematoda	73.33333333	0	0		0	0	77.33333333		0	0	0		0	0	0		0	0	0	
Nematoda	0	0	0		0	0	0		0	0	0		112.3333333	0	0		0	0	0	
Nematoda	0	0	0		0	0	0		36.66666667	0	147.3333333		0	0	0		0	0	0	
Nematoda	0	0	241		0	0	0		0	0	0		0	0	0		0	0	0	
Nematoda	0	0	0		0	0	0		0	0	0		145.3333333	0	0		0	0	0	
Nematoda	0	0	0		0	0	0		0	0	0		106	0	0		0	0	9	
Nematoda	0	0	0		0	0	40.33333333		0	27.66666667	0		15	0	0		22.66666667	20	3	
Nematoda	0	0	0		0	71.33333333	88.66666667		0	0	0		0	0	0		0	0	0	
Nematoda	2963.666667	0	0		0	0	0		0	0	0		0	0	0		0	0	0	
Nematoda	0	0	0		0	1148.333333	0		0	0	0		0	0	0		0	1855.333333	28.33333333	
Nematoda	0	97	25		0	0	0		0	0	0		0	0	0		0	0	0	
Nematoda	0	146	1.333333333		0	0	0		0	0	0		0	0	0		0	0	14.66666667	
Nematoda	0	0	0		0	0	0		0	0	0		0	0	0		0	0	104	
Nematoda	0	0	0		0	48.33333333	37.66666667		0	0	50.66666667		0	0	0		0	0	0	
Nematoda	0	0	0		0	0	0		0	0	0		0	0	0		0	0	96	
Nematoda	0	0	0		0	0	0		0	0	0		0	0	0		2.666666667	196	0	
Nematoda	0	0	0		10.66666667	8.333333333	0		0	0	36.66666667		33.66666667	19.66666667	0		3.666666667	0	0	
Nematoda	0	0	0		0	0	31.66666667		0	0	0		0	0	0		0	89.33333333	0	
Nematoda	0	0	0		0	0	0		0	0	0		0	0	0		13.33333333	0	87	
Nematoda	287.3333333	14.66666667	0		0	17	0		832.6666667	144	972		395	11.66666667	0		221.3333333	0	206.3333333	
Nematoda	0	0	0		0	0	0		65.33333333	0	69		14	0	0		0	0	0	
Nematoda	282.6666667	95.66666667	0		2.666666667	525	925.6666667		119.3333333	0	81.66666667		224.6666667	0	0		587.3333333	0	0	
Nematoda	0	0	0		6.333333333	4	71.33333333		0	0	0		41	0	0		11.33333333	0	0	
Nematoda	0	0	0		0	0	0		0	0	0		104.3333333	0	0		0	0	0	
Nematoda	0	0	0		0	0	0		101.3333333	0	0		0	0	0		0	0	0	
Nematoda	0	0	0		0	0	0		0	0	0		115.3333333	0	0		0	0	0	
Nematoda	0	0	0		0	0	0		0	0	103.3333333		0	0	0		0	0	0	
Nematoda	0	0	19		0	0	0		0	0	0		0	12.33333333	0		72.33333333	0	0	
Nematoda	0	0	0		0	0	0		0	0	0		0	0	0		0	111	0	
Nematoda	0	0	0		0	0	0		0	0	0		98.66666667	0	0		0	0	0	
Nematoda	0	0	104.6666667		0	4.333333333	0		0	0	0		0	0	0		0	0	0	
Nematoda	0	0	126		0	0	0		0	0	0		0	0	0		0	0	0	
Nematoda	0	1	29.33333333		0	0	0		0	0	0		22.66666667	10	0		19.33333333	0	32	
Nematoda	0	11	0		0	0	0		0	0	0		0	459.3333333	0		0	0	0	
Nematoda	0	0	0		1319.333333	0	0		0	0	0		0	0	0		0	0	1169.666667	
Nematoda	22	26.66666667	67.66666667		273.3333333	930.6666667	416.6666667		0	0	0		0	0	0		408.6666667	0	388.3333333	
Nematoda	0	0	0		0	75.66666667	0		0	0	0		0	0	0		0	0	50	
Nematoda	0	0	0		0	0	166.3333333		0	0	0		0	0	0		0	0	0	
Nematoda	0	0	0		0	0	0		0	0	0		170	0	0		0	0	0	
Nematoda	0	0	0		0	0	0		0	0	0		0	0	0		2214.666667	0	0	
Nematoda	0	0	0		0	0	0		0	0	0		18.33333333	0	0		0	0	67.66666667	
Nematoda	0	0	0		0	0	0		0	0	0		109	0	0		0	0	0	
Nematoda	0	0	0		0	0	0		0	87	0		0	0	0		0	0	0	
Nematoda	0	0	0		0	1994	0		0	0	0		0	0	0		0	0	280	
Nematoda	0	0	0		72.33333333	32	1.333333333		0	0	0		0	0	0		0	0	0	
Nematoda	0	0	0		0	0	0		0	0	0		0	0	0		0	0	106.3333333	
Nematoda	53.66666667	0	7.666666667		0	0	22		0	2.333333333	0		29.66666667	7.333333333	0		0	0	0	
Nematoda	0	0	0		0	0	0		0	0	0		72.33333333	0	0		14.33333333	0	0	
Nematoda	0	0	0		0	0	0		0	0	0		88.33333333	0	0		1.666666667	0	0	
Nematoda	0	13	0		0	0	40.33333333		0	0	0		26.33333333	0	0		0	0	3.333333333	
Nematoda	0	0	0		0	0	0		0	0	0		0	0	0		0	81.66666667	0	
Nematoda	0	0	18.33333333		0	0	0		0	0	0		0	0	0		0	0	144	
Nematoda	0	0	0		0	0	0		0	0	0		0	0	0		0	0	2332	
Nematoda	0	0	0		0	0	0		0	0	0		79.66666667	0	0		0	0	0	
Nematoda	35.66666667	0	0		0	0	19.66666667		0	0	0		0	0	17821.33333		0	0	0	
Nematoda	0	0	0		0	0	158.6666667		304	0	0		1570.666667	0	0		0	0	96.66666667	
Nematoda	1055	0	0		0	0	0		0	0	0		0	0	0		0	2299	228	
Nematoda	0	5.333333333	0		0	0	0		0	126.6666667	0		0	0	0		0	0	0	
Nematoda	0	3	0		0	0	0		54.33333333	3.666666667	117.6666667		0	0	0		25.66666667	0	0	
Nematoda	0	0	0		0	0	0		0	0	0		0	0	0		0	0	2016.666667	
Nematoda	0	0	0		0	33.33333333	57.66666667		0	0	0		0	0	0		42	0	0	
Nematoda	400.6666667	413.6666667	201.6666667		0	0	520		0	0	123.6666667		350.3333333	170.3333333	34.33333333		159.6666667	395.6666667	176.3333333	
Nematoda	0	0	5.666666667		0	0	0		0	0	0		49.66666667	21.66666667	0		0	0	0	
Nematoda	0	0	0		0	0	5		0	0	0		0	0	0		0	79	0	
Nematoda	0	0	0		0	0	0		0	0	0		151	0	0		0	0	28.33333333	
Nematoda	233.6666667	8.333333333	69.66666667		0	0	0		0	0	0		44	241.3333333	0		2	2957.333333	0	
Nematoda	0	0	0		0	0	0		0	0	0		0	0	0		0	0	102	
Nematoda	0	0	0		0	0	0		1170.333333	0	0		0	0	0		756.3333333	0	0	
Nematoda	0	0	0		886	0	1023.333333		0	0	0		0	0	0		0	0	0	
Nematoda	49.33333333	0	0		0	6.666666667	0		0	0	0		0	0	0		18.33333333	0	0	
Nematoda	0	0	0		0	0	0		0	0	1.333333333		0	0	0		184.3333333	0	0	
Nematoda	0	0	0		0	0	0		0	0	0		74.33333333	0	0		0	0	0	
Nematoda	0	0	0		0	0	0		0	0	0		69	0	0		0	0	0	
Nematoda	0	0	0		220	30	0		0	0	0		0	0	0		0	0	0	
Nematoda	0	0	0		0	0	0		0	0	0		114.3333333	0	0		0	0	0	
Nematoda	0	0	0		570.6666667	0	0		0	0	0		0	0	0		669.6666667	0	548	
Nematoda	0	0	0		0	0	0		0	0	0		0	83.66666667	0		0	0	0	
Nematoda	0	1	0		2282.333333	0	1.333333333		25.33333333	0	43.66666667		21	0	0		3.333333333	0	4	
Nematoda	0	48	0		21.33333333	0	0		0	0	0		0	0	0		2.333333333	0	5.666666667	
Nematoda	0	0	0		871.6666667	1026.666667	9.666666667		0	0	0		0	0	0		0	0	0	
Nematoda	0	0	1771		0	0	0		0	0	0		487.3333333	0	0		0	0	209.6666667	
Nematoda	0	60.66666667	0		0	0	0		0	0	0		0	0	0		0	0	0	
Nematoda	0	21.33333333	0		49.66666667	0	0		0	0	0		0	0	0		0	0	8	
Nematoda	0	0	0		0	0	0		0	0	0		0	102.6666667	0		0	0	0	
Nematoda	32	0	0		0	8.666666667	0		0	0	4.333333333		0	0	0		2	0	17.33333333	
Nematoda	0	0	0		72.66666667	0	0		0	0	0		0	0	0		3	0	5.333333333	
Nematoda	0	0	0		0	3	0		0	0	0		0	0	0		1719.666667	0	0	
Nematoda	0	0	0		0	0	0		0	0	0		0	0	1748.666667		0	0	0	
Nematoda	0	0	0		0	0	0		0	0	0		0	68	0		0	0	0	
Nematoda	0	0	0		0	0	0		0	0	0		18.33333333	0	0		32	0	3.333333333	
Nematoda	0	0	0		0	0	0		0	0	0		0	1908.666667	0		7.333333333	0	0	
Nematoda	0	0	0		0	0	0		0	0	0		0	0	0		0	148.6666667	0	
Nematoda	0	0	0		0	0	0		0	0	0		85.33333333	0	0		0	0	0	
Nematoda	57.33333333	0	0		0	0	0		0	0	0		0	0	0		14.33333333	0	1	
Nematoda	0	0	0		0	0	70.33333333		0	0	0		2	0	0		22.66666667	0	2	
Nematoda	0	0	0		0	32.66666667	0		0	0	0		0	0	0		0	0	40.66666667	
Nematoda	0	0	0		0	0	0		0	0	0		1804	0	0		0	0	0	
Nematoda	0	0	0		0	0	0		0	0	0		0	0	0		64.33333333	0	0	
Nematoda	175	2.333333333	12.33333333		0	0	3.666666667		0	0	0		75.33333333	143.3333333	0		4.666666667	1259.666667	0	
Nematoda	0	0	0		0	0	0		0	0	0		29.33333333	0	0		35.66666667	0	0	
Nematoda	12.33333333	0	0		0	0	56.66666667		0	0	0		0	0	0		0	0	0	
Nematoda	679.6666667	0	0		0	0	0		0	0	0		0	0	0		0	1292	145.6666667	
Nematoda	0	0	0		7	5.333333333	44.66666667		0	0	0		0	0	0		0	0	0	
Nematoda	0	0	5		0	41.33333333	1.666666667		0	0	1		4.666666667	0	0		5.333333333	0	13.66666667	
Nematoda	0	0	0		0	0	0		78	0	0		0	0	0		0	0	0	
Nematoda	0	0	0		0	0	0		0	0	0		0	0	0		3419.666667	0	0	
Nematoda	153	0	0		0	0	0		0	0	0		0	0	0		4	1700	0	
Nematoda	0	0	0		0	0	0		0	0	0		67.33333333	0	0		0	0	0	
Nematoda	0	0	0		0	0	0		0	0	53.66666667		0	0	0		0	0	0	
Nematoda	0	0	0		0	0	0		0	0	0		0	0	0		201.3333333	0	0	
Nematoda	0	0	0		0	0	0		0	0	0		0	0	0		0	0	54	
Nematoda	0	0	0		0	1639.333333	0		0	0	0		1	0	0		4.666666667	0	0	
Nematoda	4.333333333	0	0		746.6666667	44.66666667	357.3333333		0	0	13.66666667		51.33333333	0	0		66	0	258.3333333	
Nematoda	0	0	0		0	0	30.33333333		0	0	0		0	10.66666667	0		14.33333333	0	7.666666667	
Nematoda	0	36.66666667	0		0	0	0		0	0	0		1533.666667	0	0		0	0	36	
Nematoda	125.3333333	0	13		68	140	0		382	83.66666667	457.6666667		110	37.66666667	0		74.33333333	0	59.33333333	
Nematoda	0	0	0		0	0	0		0	0	0		11.66666667	0	0		65.33333333	0	11	
Nematoda	0	51.66666667	0		0	0	0		0	0	0		0	0	0		0	0	0	
Nematoda	0	0	0		0	0	0		0	0	0		127.3333333	0	0		0	0	0	
Nematoda	0	0	0		0	0	0		0	0	0		1647.666667	0	0		0	0	0	
Nematoda	0	0	0		0	0	0		0	0	0		0	0	0		0	158.3333333	0	
Nematoda	113	0	0		0	0	0		0	0	0		0	0	0		0	0	0	
Nematoda	0	0	0		0	1	0		0	0	0		0	0	0		0	1	2413	
Nematoda	0	0	0		10.33333333	8.333333333	0		0	19.66666667	0		0	0	0		13	0	22.66666667	
Nematoda	0	0	0		0	0	0		56	0	0		0	0	0		0	0	0	
Nematoda	0	0	0		0	0	0		0	0	0		13.33333333	0	50		0	0	0	
Nematoda	1608.333333	0	0		0	0	0		0	0	0		2	0	0		0	29	0	
Nematoda	0	0	0		0	0	0		0	0	102		949.3333333	220	242.3333333		1	0	0	
Nematoda	0	0	0		48	0	0		0	0	0		0	0	0		0	0	0	
Nematoda	0	0	0		0	98.33333333	0		0	0	0		0	0	0		0	0	0	
Nematoda	0	0	0		0	0	0		0	0	0		0	0	144.3333333		12.66666667	0	0	
Nematoda	0	0	0		0	46.33333333	0		0	0	0		0	0	0		0	0	0	
Nematoda	1448.666667	0	0		0	0	0		0	0	0		0	0	0		0	0	0	
Nematoda	776.3333333	0	475.3333333		4.333333333	0	82		0	0	0		0	0	0		0	419	0	
Nematoda	0	0	0		0	0	2.333333333		0	0	0		0	0	0		59.33333333	0	0	
Nematoda	0	0	0		0	0	0		0	0	0		0	0	0		0	0	1483.333333	
Nematoda	0	0	0		0	0	0		0	0	0		0	0	0		45.66666667	0	10	
Nematoda	27.33333333	78.66666667	443.3333333		0	0	0		128	0	45		422.3333333	0	0		361.3333333	0	27.66666667	
Nematoda	0	0	0		0	0	0		0	0	0		0	0	0		0	0	100	
Nematoda	0	0	0		72.66666667	37	0		0	4.333333333	0		0	0	0		0	0	0	
Nematoda	0	0	0		0	0	0		701.6666667	0	25.33333333		609	0	0		0	0	75.33333333	
Nematoda	0	0	0		0	0	0		0	0	102		0	0	0		0	0	0	
Nematoda	0	0	0		0	0	0		0	0	0		4.333333333	36.33333333	0		0	0	9	
Nematoda	37	0	0		0	0	0		0	0	3.666666667		0	0	0		1.666666667	0	0	
Nematoda	0	0	0		0	0	0		3.666666667	0	9.333333333		38.33333333	0	0		13	0	12	
Nematoda	0	0	42.66666667		0	0	0		0	0	0		0	0	0		0	0	0	
Nematoda	0	0	34.33333333		0	12	0		0	0	0		0	0	0		0	0	0	
Nematoda	0	0	70		0	0	0		0	0	0		0	0	0		0	0	0	
Nematoda	0	0	0		0	0	9		0	0	0		0	51	0		7	0	0	
Nematoda	0	0	0		0	0	0		0	0	0		0	0	0		10.66666667	0	44.66666667	
Nematoda	0	0	0		0	0	0		0	0	0		30	9.666666667	0		14.33333333	0	4	
Nematoda	0	0	0		0	0	0		10.33333333	0	26		0	0	0		0	0	0	
Nematoda	0	0	0		4.333333333	0	0		0	0	0		0	0	0		0	47	0	
Nematoda	50.66666667	0	0		0	0	0		0	0	0		0	0	0		0	0	0	
Nematoda	0	0	0		1334	0	0		0	0	0		0	0	0		0	0	0	
Nematoda	0	0	0		0	0	0		0	0	64.66666667		0	0	0		0	0	0	
Nematoda	0	0	0		0	0	6.333333333		0	0	0		51.66666667	0	0		0	0	0	
Nematoda	0	273	0		0	0	0		2117.666667	0	5924.666667		3084.666667	0	0		160.3333333	0	972.6666667	
Nematoda	0	0	0		0	0	0		0	0	0		0	41.66666667	0		0	0	0	
Nematoda	0	0	0		0	0	0		0	0	0		0	0	0		0	0	37	
Nematoda	0	3.666666667	0		0	0	90		0	0	0		0	0	0		0	0	0	
Nematoda	0	0	0		0	1332.666667	0		0	0	0		0	0	0		0	0	0	
Nematoda	0	0	1380		0	0	0		0	0	0		0	0	0		65.66666667	0	40.33333333	
Nematoda	0	0	0		16.33333333	32	0		0	0	3.666666667		0	5.333333333	0		0	0	0	
Nematoda	0	30.66666667	0		0	0	0		0	0	0		10	0	0		0	0	0	
Nematoda	0	0	0		0	0	42.66666667		0	0	0		0	0	0		0	0	0	
Nematoda	0	0	0		0	0	0		0	0	0		0	59.33333333	0		0	0	0	
Nematoda	0	0	0		0	0	0		0	0	0		0	0	0		0	0	45.66666667	
Nematoda	0	0	0		0	0	0		0	0	0		0	0	0		0	0	39.33333333	
Nematoda	0	0	0		0	0	0		0	0	0		0	0	0		48	0	4.666666667	
Nematoda	0	0	0		9.333333333	0	9.666666667		0	0	0		19.66666667	0	0		0	0	0	
Nematoda	0	0	0		30.66666667	0	0		0	0	0		0	0	0		14.33333333	0	0	
Nematoda	0	0	1		0	1310	0		0	0	0		0	0	0		0	0	0	
Nematoda	0	0	0		0	0	0		0	37	0		0	0	0		0	0	0	
Nematoda	139	0	10		0	0	409		0	0	0		0	0	0		0	804.3333333	0	
Nematoda	0	0	0		0	0	58		0	0	0		0	0	0		0	0	0	
Nematoda	0	0	0		0	0	0		0	0	40.33333333		0	0	0		0	0	0	
Nematoda	822.3333333	0	0		0	0	0		0	236.6666667	0		394.6666667	0	0		0	0	0	
Nematoda	0	0	59		0	0	0		0	0	0		0	0	0		0	0	0	
Nematoda	0	0	0		31.66666667	36	0		0	0	7.333333333		0	4.333333333	0		0	0	0	
Nematoda	0	0	112		0	0	0		0	0	1363.666667		0	0	0		0	0	0	
Nematoda	0	0	0		0	0	0		0	0	0		4	30	0		0	0	4.666666667	
Nematoda	34	0	0		0	0	0		0	0	1.333333333		1	0	0		0	0	6	
Nematoda	0	0	15.66666667		0	0	0		0	0	0		0	0	0		20.33333333	0	0	
Nematoda	0	0	0		0	1281.333333	0		0	0	0		0	0	0		0	0	0	
Nematoda	0	46	0		0	0	0		0	0	422.3333333		751	10.33333333	184.6666667		0	0	45	
Nematoda	0	0	0		0	0	0		0	0	0		40.66666667	0	0		0	0	0	
Nematoda	0	0	0		0	0	0		0	0	0		46	0	0		0	0	0	
Nematoda	0	0	0		14	0	31.66666667		0	0	0		0	0	0		0	0	0	
Nematoda	0	73.66666667	0		0	0	0		0	0	0		0	0	0		0	0	0	
Nematoda	0	0	0		0	0	0		0	0	0		1313.333333	0	0		0	0	0	
Nematoda	0	0	0		51.33333333	0	0		0	0	0		0	0	0		0	0	0	
Nematoda	52.66666667	3	0		0	0	0		0	0	0		0	0	0		0	0	0	
Nematoda	0	0	0		0	0	0		0	0	0		0	0	0		3.666666667	0	1143	
Nematoda	0	0	0		0	4	30		0	0	0		0	0	0		0	0	0	
Nematoda	0	3.666666667	615		0	195.3333333	0		425	0	0		0	0	0		55	0	0	
Nematoda	0	0	0		0	0	0		0	0	0		29.66666667	0	0		15.66666667	0	6.666666667	
Nematoda	0	0	0		0	0	0		1301.666667	0	0		0	0	0		0	0	0	
Nematoda	0	0	0		0	30.66666667	0		0	0	0		0	0	0		19.33333333	0	0	
Nematoda	78	0	0		0	0	0		0	0	0		0	0	0		0	0	0	
Nematoda	0	0	0		0	0	0		0	0	0		20.66666667	0	0		0	0	1191	
Nematoda	0	0	0		0	34.33333333	0		0	0	0		0	0	0		0	0	2.666666667	
Nematoda	0	48.33333333	0		0	0	0		0	0	0		4	0	0		44	0	7.666666667	
Nematoda	0	0	0		1114.666667	0	0		0	0	0		35.33333333	0	0		0	0	0	
Nematoda	0	0	0		0	30	0		0	0	3.333333333		0	0	0		0	0	0	
Nematoda	0	0	0		0	0	3.333333333		0	0	0		0	0	0		34.33333333	8.666666667	0	
Nematoda	0	0	0		164.3333333	262.6666667	20		159.3333333	79.33333333	221.3333333		0	0	0		73.33333333	0	278.3333333	
Nematoda	0	0	0		33.33333333	10.33333333	0		0	0	0		0	0	0		0	0	0	
Nematoda	0	0	0		0	0	0		0	0	0		29.66666667	0	0		0	0	0	
Nematoda	0	41.33333333	0		0	0	0		0	0	0		0	0	0		0	0	0	
Nematoda	0	0	0		64	163	0		0	2.333333333	0		1235.333333	57.66666667	0		60	0	24	
Nematoda	0	0	0		0	0	0		0	0	20.33333333		0	0	0		0	0	10.66666667	
Nematoda	0	0	0		0	0	0		0	0	0		1187.666667	0	0		0	0	0	
Nematoda	0	0	0		0	0	0		0	0	0		0	0	0		33	0	0	
Nematoda	0	0	0		30.66666667	0	0		0	0	0		0	0	0		0	0	0	
Nematoda	0	0	0		26.33333333	21	0		0	0	0		0	0	0		0	0	0	
Nematoda	326	0	84.33333333		0	39	267.6666667		0	33.33333333	122		415	34	0		12.66666667	0	195.3333333	
Nematoda	0	0	0		0	0	0		0	0	32.33333333		0	0	0		0	0	0	
Nematoda	28.66666667	0	0		0	0	0		0	0	0		0	0	0		0	0	0	
Nematoda	0	0	0		0	0	0		0	0	0		0	0	0		117.6666667	0	0	
Nematoda	0	0	0		1035.333333	0	0		0	0	0		0	0	0		0	0	0	
Nematoda	17.66666667	0	0		0	0	0		0	0	0		0	0	0		0	0	7.333333333	
Nematoda	0	0	0		0	0	2.333333333		0	0	0		0	0	0		45.33333333	1	4	
Nematoda	0	0	0		0	0	0		0	0	0		30.33333333	0	0		0	0	0	
Nematoda	0	0	0		0	19.33333333	0		0	0	0		0	0	0		0	0	7	
Nematoda	0	0	0		51	0	0		0	0	0		0	0	0		0	0	0	
Nematoda	0	0	0		0	0	0		0	0	0		27.66666667	0	0		0	0	0	
Nematoda	0	0	0		0	0	0		9727.666667	0	0		0	0	0		0	0	1	
Nematoda	0	0	0		14.66666667	9.666666667	0		0	0	7.666666667		0	0	0		0	0	0	
Nematoda	0	0	0		0	0	0		0	0	0		0	0	0		53.33333333	0	0	
Nematoda	0	0	0		0	22.33333333	0		0	0	0		805	0	0		0	0	151	
Nematoda	0	9.666666667	0		0	0	0		0	0	0		0	0	0		5.333333333	0	16.33333333	
Nematoda	0	0	0		0	176.3333333	700		0	0	0		0	0	0		1.333333333	0	145.6666667	
Nematoda	0	0	0		0	0	30		0	0	0		0	0	0		0	0	0	
Nematoda	0	0	0		0	0	91		0	0	0		0	0	0		0	0	0	
Nematoda	24	7.333333333	0		0	0	0		0	0	0		485	86.66666667	119.3333333		304.3333333	0	104.6666667	
Nematoda	0	0	79.33333333		0	0	0		0	0	0		0	0	0		0	0	0	
Nematoda	0	0	17.66666667		6	0	0		0	0	0		4	0	0		14.66666667	0	8.666666667	
Nematoda	0	0	0		27	5.666666667	0		0	0	0		0	0	0		0	0	0	
Nematoda	0	0	0		0	0	0		0	0	0		0	0	0		2	0	28.33333333	
Nematoda	0	0	0		0	0	28.66666667		0	0	0		0	0	0		0	0	0	
Nematoda	0	0	0		0	4.333333333	0		0	0	8.666666667		18.33333333	0	0		0	0	0	
Nematoda	0	0	32.33333333		0	0	0		0	0	0		0	0	0		0	0	0	
Nematoda	0	0	0		0	0	0		0	0	0		0	0	0		0	26	0	
Nematoda	0	29.33333333	0		0	0	0		0	0	0		0	0	0		0	0	0	
Nematoda	11.66666667	0	4		0	0	0		0	0	0		12.66666667	0	0		0	0	0	
Nematoda	0	0	0		0	0	0		0	0	0		207	35.66666667	0		0	0	0	
Nematoda	0	0	0		0	0	0		0	0	0		0	0	0		0	25.66666667	0	
Nematoda	0	0	0		0	0	0		0	0	0		0	25	0		0	0	0	
Nematoda	0	0	0		0	0	0		0	0	42.33333333		0	0	0		1.333333333	0	0	
Nematoda	0	0	0		6	0	0		1000.666667	0	0		0	0	0		2	0	0	
Nematoda	0	0	0		0	28	0		0	0	0		0	0	0		0	0	0	
Nematoda	0	0	0		26	3.333333333	0		0	0	0		0	0	0		0	0	0	
Nematoda	0	0	0		618	0	0		0	0	0		0	0	0		518	0	0	
Nematoda	0	0	0		0	0	0		0	27	0		4.666666667	0	0		0	0	0	
Nematoda	0	21.66666667	7.666666667		0	0	0		0	0	0		0	0	0		0	0	0	
Nematoda	0	0	0		0	0	6.333333333		0	0	0		230.3333333	0	0		0	1002.333333	0	
Nematoda	0	0	0		6	12.33333333	0		0	0	0		0	0	0		8.666666667	0	0	
Nematoda	0	0	0		0	2.333333333	0		0	0	0		0	0	0		20.33333333	0	0	
Nematoda	0	0	0		0	0	0		0	19.66666667	0		0	9.333333333	0		0	0	0	
Nematoda	0	0	0		0	0	0		0	0	0		0	0	34.33333333		0	0	0	
Nematoda	0	191.3333333	0		0	0	0		0	0	902		0	0	0		0	0	0	
Nematoda	0	16.33333333	0		0	0	11.33333333		0	0	0		0	0	0		0	0	1.333333333	
Nematoda	0	42	0		0	0	0		0	0	0		0	0	0		0	0	0	
Nematoda	0	0	0		0	0	0		0	0	0		0	963.6666667	0		0	0	0	
Nematoda	0	48.33333333	0		41	343.3333333	0		0	0	0		61.66666667	0	0		318.6666667	0	245	
Nematoda	0	326.6666667	0		0	0	0		0	0	0		751.6666667	0	0		0	0	0	
Nematoda	0	0	0		0	0	0		0	8.666666667	0		12.66666667	0	0		0	0	0	
Nematoda	0	0	0		14	12.66666667	0		0	0	0		0	0	0		0	0	0	
Nematoda	0	0	0		0	0	662.6666667		0	0	0		1	270.3333333	0		3	0	0	
Nematoda	0	884.6666667	10		0	0	0		0	0	0		0	0	0		0	0	0	
Nematoda	0	0	0		0	0	0		0	0	0		23.33333333	0	0		0	0	0	
Nematoda	0	0	0		0	0	0		0	0	0		24.66666667	0	0		0	0	0	
Nematoda	0	0	0		7.333333333	24	335.6666667		0	0	442		0	0	0		93.33333333	0	118.3333333	
Nematoda	0	0	0		0	6	0		0	0	0		0	0	0		2775	0	0	
Nematoda	0	0	0		31.66666667	17	0		0	0	0		0	0	0		0	0	0	
Nematoda	0	0	0		0	10.33333333	0		0	0	0		0	15.66666667	0		0	0	0	
Nematoda	0	0	0		0	0	0		0	0	0		0	0	0		21	0	0	
Nematoda	0	0	0		0	0	9160.666667		0	0	0		0	0	0		0	0	0	
Nematoda	0	0	0		28.66666667	0	0		0	0	0		0	0	0		0	0	0	
Nematoda	0	181.3333333	0		0	0	0		0	0	695		0	0	0		0	0	0	
Nematoda	0	0	0		0	0	0		0	0	0		0	0	0		939.6666667	0	0	
Nematoda	117.6666667	3.666666667	0		7	23	294		0	0	0		0	0	0		18.33333333	444.6666667	4.333333333	
Nematoda	0	22.33333333	0		0	0	0		0	0	0		0	0	0		0	0	0	
Nematoda	0	0	0		0	11540.33333	0		0	0	0		0	0	0		0	0	0	
Nematoda	0	13.33333333	10.66666667		0	0	0		0	0	0		0	0	0		0	0	0	
Nematoda	0	0	0		0	21.66666667	0		0	0	0		0	0	0		0	0	0	
Nematoda	0	22.33333333	0		0	0	0		0	0	0		0	0	0		0	0	0	
Nematoda	0	0	0		0	0	0		0	0	0		0	36	0		0	0	0	
Nematoda	0	0	20		0	7.333333333	0		0	0	0		0	0	0		0	0	12	
Nematoda	0	0	0		0	0	0		0	0	0		0	0	0		30	0	0	
Nematoda	0	0	24		0	1	0		0	0	0		0	0	0		0	0	0	
Nematoda	0	0	0		0	181	40.66666667		0	0	0		0	0	0		121.3333333	740.6666667	0	
Nematoda	0	0	0		0	0	0		0	0	0		0	0	0		627	0	124.3333333	
Nematoda	0	0	0		0	0	5.666666667		0	0	0		17.33333333	0	0		1	0	0	
Nematoda	0	0	0		0	0	0		6.333333333	0	0		0	0	0		8	0	833.3333333	
Nematoda	0	0	0		0	0	0		0	14.33333333	0		0	5.333333333	0		0	0	0	
Nematoda	0	0	0		0	0	0		0	0	21		0	0	0		0	0	0	
Nematoda	0	25.33333333	0		0	0	0		0	0	0		0	0	0		0	0	0	
Nematoda	21	0	0		0	0	0		0	0	0		0	0	0		0	0	0	
Nematoda	0	23.33333333	0		0	0	0		0	0	0		0	0	0		0	0	0	
Nematoda	93	0	7.666666667		0	0	5		0	0	0		0	111.6666667	0		0	665	0	
Nematoda	0	0	0		0	0	0		0	0	25.33333333		260	0	398.6666667		96.33333333	0	22	
Nematoda	0	0	4		0	0	0		0	0	6.666666667		7.333333333	0	0		0	0	0	
Nematoda	0	0	0		0	0	0		0	0	0		31.66666667	0	0		0	0	0	
Nematoda	0	0	0		0	0	0		0	0	0		0	0	0		23	0	0	
Nematoda	0	0	0		0	0	0		0	0	0		0	0	0		5.333333333	13.33333333	0	
Nematoda	0	0	0		0	0	0		19	0	0		0	0	0		0	0	0	
Nematoda	0	0	0		0	0	0		0	0	0		0	0	0		7803	0	0	
Nematoda	0	0	0		0	0	21.33333333		0	0	0		0	0	0		0	14.66666667	0	
Nematoda	0	0	0		0	0	0		0	0	0		26	0	0		0	0	0	
Nematoda	0	0	0		0	0	0		0	0	11		0	0	0		0	0	15.66666667	
Nematoda	0	0	0		0	0	0		0	0	0		735.6666667	0	0		0	0	0	
Nematoda	0	0	0		0	0	0		0	0	0		0	0	0		0	0	8766	
Nematoda	0	0	0		0	0	0		0	0	0		0	0	0		3	0	18.66666667	
Nematoda	0	0	0		0	0	0		776.6666667	0	0		0	0	0		0	0	0	
Nematoda	0	15	6.333333333		0	0	0		0	0	0		0	0	0		0	0	0	
Nematoda	0	0	21		0	0	0		0	0	4.666666667		11	0	0		0	0	0	
Nematoda	0	0	0		0	0	0		0	0	0		0	0	0		17.66666667	0	0	
Nematoda	0	0	0		0	0	0		0	0	0		71.33333333	0	0		0	0	0	
Nematoda	0	3	0		0	0	0		0	0	0		0	297.6666667	0		0	0	0	
Nematoda	6091.333333	0	0		0	0	236.3333333		0	0	0		14815.66667	0	21809.66667		0	0	851	
Nematoda	3815.333333	1847.666667	0		0	49.66666667	0		0	0	0		0	0	0		1633.333333	0	0	
Nematoda	0	0	0		0	0	0		0	0	0		663	0	0		8.333333333	0	0	
Nematoda	0	166.3333333	0		0	0	0		0	0	0		0	635	0		0	0	0	
Nematoda	0	0	16		0	0	0		0	0	0		0	0	0		0	0	0	
Nematoda	0	0	0		0	0	0		0	0	0		0	0	0		3380.333333	0	6008	
Nematoda	0	0	0		21	0	0		0	0	0		0	0	0		0	0	0	
Nematoda	0	0	0		0	0	1.666666667		0	0	9		0	0	0		0	0	7.666666667	
Nematoda	0	14.33333333	0		0	0	0		0	0	0		0	0	0		0	0	0	
Nematoda	0	0	0		0	0	20.66666667		0	0	0		0	0	0		6	0	0	
Nematoda	0	0	0		0	0	0		0	0	0		18	0	0		9.333333333	0	0	
Nematoda	0	0	0		37.33333333	0	768.3333333		0	0	0		0	0	0		0	0	0	
Nematoda	0	0	0		0	24	0		0	0	0		0	0	0		0	0	0	
Nematoda	0	0	0		0	0	0		0	0	0		0	22.33333333	0		0	0	0	
Nematoda	0	0	0		0	0	0		0	0	0		0	0	0		0	0	17	
Nematoda	0	0	0		0	0	0		0	0	0		0	0	0		0	22	0	
Nematoda	0	366.3333333	15.33333333		0	0	0		249.6666667	0	0		0	0	0		0	0	0	
Nematoda	0	0	0		0	0	0		0	0	0		0	0	0		49.66666667	0	0	
Nematoda	0	6.333333333	13.66666667		0	0	0		0	0	0		0	0	0		0	0	0	
Nematoda	0	0	5		16	0	0		0	0	0		0	0	0		0	0	0	
Nematoda	0	0	0		0	9.666666667	9.666666667		0	0	0		0	0	0		0	0	0	
Nematoda	0	0	0		0	0	0		0	0	0		23	0	0		0	0	0	
Nematoda	0	0	0		1987.666667	0	0		0	0	0		2607.666667	0	294.6666667		1760.333333	0	917.6666667	
Nematoda	11.33333333	0	0		34.33333333	0	392.3333333		0	0	0		89.66666667	0	0		169.3333333	59.33333333	70	
Nematoda	0	0	0		0	0	28		0	0	0		0	0	0		0	0	0	
Nematoda	0	0	0		0	0	0		0	0	0		0	0	0		0	0	817.6666667	
Nematoda	0	0	0		0	0	0		0	0	19		0	0	0		0	0	0	
Nematoda	0	0	0		13.33333333	0	0		0	0	0		0	0	0		0	0	0	
Nematoda	0	0	0		0	0	0		0	19.33333333	0		0	0	0		0	0	0	
Nematoda	10.66666667	59.33333333	0		72.33333333	181.3333333	170.3333333		0	8	0		0	0	0		213.3333333	0	32	
Nematoda	0	0	0		0	211.3333333	277		0	0	0		0	0	0		0	315	0	
Nematoda	0	0	0		117	171	107.3333333		0	0	0		19.66666667	0	0		159	0	218	
Nematoda	0	0	0		0	0	0		0	676.6666667	0		0	0	0		0	0	0	
Nematoda	0	0	0		0	0	0		0	17.33333333	0		0	0	0		0	0	0	
Nematoda	0	0	0		0	0	0		0	9.666666667	0		0	0	0		10.66666667	0	0	
Nematoda	104	0	0		0	426	0		5.666666667	64.66666667	0		0	0	0		20.66666667	0	13.33333333	
Nematoda	0	0	0		0	0	4.333333333		0	1.333333333	0		0	0	0		18	0	0	
Nematoda	0	0	0		0	0	0		0	0	0		0	0	0		13.66666667	0	0	
Nematoda	0	0	0		0	0	0		0	0	0		0	0	0		18.66666667	0	0	
Nematoda	0	0	13.33333333		0	0	1.666666667		0	0	0		0	0	0		0	0	0	
Nematoda	0	0	0		0	190.6666667	4		0	0	0		0	0	0		45	352	0	
Nematoda	0	0	0		311.3333333	4	260		183.6666667	0	23.66666667		0	0	0		3	0	235	
Nematoda	0	0	0		0	20.33333333	0		0	0	0		0	0	0		0	0	0	
Nematoda	0	49.33333333	0		0	11.33333333	0		436	1	338.3333333		0	0	0		69.33333333	0	0	
Nematoda	0	0	0		0	0	18		0	0	0		0	0	0		0	0	0	
Nematoda	0	0	0		0	0	0		43.33333333	0	0		0	0	0		8	0	1338.666667	
Nematoda	0	2	19		0	0	0		0	0	0		0	0	0		0	0	7	
Nematoda	0	0	0		0	0	0		0	487.3333333	0		0	0	0		116.3333333	0	0	
Nematoda	0	0	0		0	0	0		0	0	17		0	0	0		0	0	0	
Nematoda	0	0	0		0	514.6666667	0		0	0	0		0	0	0		0	0	0	
Nematoda	0	0	0		0	0	0		0	0	0		0	0	0		0	2737.666667	0	
Nematoda	0	0	0		0	0	0		0	0	0		0	0	0		0	0	18.66666667	
Nematoda	0	0	0		0	0	0		0	0	562.3333333		0	0	0		0	0	0	
Nematoda	0	0	0		0	0	0		0	0	0		0	0	673.3333333		0	0	0	
Nematoda	0	96	111		0	0	0		0	0	0		316.6666667	0	0		0	0	0	
Nematoda	0	0	0		0	0	0		0	0	0		16	0	0		0	0	0	
Nematoda	0	0	879.6666667		0	0	0		0	0	0		0	0	0		0	0	0	
Nematoda	0	555.6666667	212.6666667		1448.666667	273.3333333	0		0	0	0		4490	0	0		2.333333333	0	467	
Nematoda	0	0	0		0	8	0		0	0	0		0	0	0		6.666666667	0	0	
Nematoda	0	0	500.3333333		0	0	0		0	0	0		0	0	0		0	0	208	
Nematoda	241.3333333	5.333333333	316.3333333		0	62.33333333	251.6666667		0	0	0		0	0	0		14	0	0	
Nematoda	0	0	0		0	0	0		0	0	0		14.66666667	0	0		0	0	0	
Nematoda	0	0	0		5	0	7.666666667		0	0	0		0	0	0		0	0	0	
Nematoda	0	0	0		0	16	0		0	0	0		0	0	0		0	0	0	
Nematoda	0	0	0		0	0	0		0	0	0		0	0	0		14.66666667	0	0	
Nematoda	0	0	12		0	0	0		0	0	0		0	0	0		0	0	0	
Nematoda	0	0	0		0	0	182		0	0	0		0	0	0		0	216.6666667	51.66666667	
Nematoda	0	0	0		269.3333333	0	0		0	0	0		0	0	0		0	0	205	
Nematoda	0	0	12		0	0	0		0	0	0		0	0	0		6	0	0	
Nematoda	0	0	0		0	0	0		0	0	0		3	0	0		0	0	10.66666667	
Nematoda	266.6666667	0	0		0	132.3333333	0		0	0	0		0	0	0		0	0	55	
Nematoda	0	0	0		0	0	0		0	0	0		2.666666667	0	0		0	0	9.333333333	
Nematoda	0	0	0		0	0	0		0	0	0		0	0	0		0	0	450.6666667	
Nematoda	0	0	0		0	0	0		0	0	0		0	0	0		0	0	18.66666667	
Nematoda	0	0	0		0	0	0		0	0	0		5900.666667	0	0		0	0	0	
Nematoda	0	16.33333333	0		12	3.666666667	29.33333333		12.66666667	0	0		4	0	0		263.3333333	0	375	
Nematoda	0	0	0		0	0	0		0	0	0		0	0	0		425.3333333	0	0	
Nematoda	0	0	0		0	0	0		0	0	0		0	0	0		0	0	11.66666667	
Nematoda	0	0	0		0	0	10		0	0	0		0	0	0		415	0	116	
Nematoda	484	0	0		0	11.33333333	0		0	0	0		0	0	0		0	0	0	
Nematoda	0	0	0		0	0	10.33333333		0	0	0		0	0	0		0	0	3	
Nematoda	0	0	13.66666667		0	5.666666667	0		0	0	0		0	0	0		0	0	0	
Nematoda	0	0	0		0	352.6666667	80.66666667		0	0	0		0	0	0		0	0	0	
Nematoda	0	0	0		0	0	0		0	0	0		0	0	0		267.6666667	0	292.6666667	
Nematoda	0	401	0		0	0	0		0	0	0		0	0	0		0	0	0	
Nematoda	0	0	0		0	0	0		0	0	0		5.666666667	3	0		0	0	0	
Nematoda	0	10.66666667	372.6666667		0	0	0		0	7.333333333	0		0	0	0		94.66666667	0	0	
Nematoda	0	0	0		0	0	0		0	0	0		0	0	0		0	596	0	
Nematoda	0	0	0		0	0	0		0	0	0		0	0	0		373.3333333	0	0	
Nematoda	0	0	0		0	267.3333333	208.6666667		0	0	0		0	0	0		159.3333333	579	0	
Nematoda	0	0	0		0	0	17		0	0	0		0	0	0		13.33333333	0	0	
Nematoda	0	0	0		0	0	0		0	0	0		0	0	0		0	10.66666667	0	
Nematoda	0	0	6137.666667		0	0	0		0	0	0		0	0	0		0	41	0	
Nematoda	0	0	0		0	0	0		0	0	0		0	0	0		0	532.6666667	0	
Nematoda	0	0	0		0	10	0		0	0	0		0	0	0		0	0	0	
Nematoda	0	1.666666667	0		0	0	0		0	0	0		0	17.66666667	0		0	0	0	
Nematoda	0	10	0		0	0	0		211.6666667	0	64.33333333		0	0	0		71.66666667	0	0	
Nematoda	0	1.666666667	0		383	0	0		0	0	0		0	0	0		180.3333333	0	0	
Nematoda	0	0	0		0	0	0		0	0	0		0	0	0		18	0	0	
Nematoda	0	0	0		0	0	0		0	0	1.333333333		0	0	0		0	0	11	
Nematoda	0	0	0		153.3333333	180.6666667	98		0	0	0		49.66666667	0	0		121.6666667	0	243.3333333	
Nematoda	0	0	0		0	0	0		0	0	0		0	0	0		0	421	0	
Nematoda	0	0	0		0	0	0		462	13	12.33333333		0	0	0		0	0	0	
Nematoda	2948.333333	0	0		1	0	0		0	0	13.33333333		1962	0	0		0	0	1	
Nematoda	97	0	28.66666667		0	0	86		0	0	0		18.66666667	0	0		78.66666667	147	13	
Nematoda	0	0	8.666666667		0	0	0		0	0	0		0	0	0		0	0	0	
Nematoda	0	13.33333333	0		0	0	0		0	0	0		0	0	0		0	0	0	
Nematoda	0	9.666666667	1.666666667		186.3333333	0	0		233.6666667	0	6.333333333		0	0	0		0	0	28.33333333	
Nematoda	0	0	0		0	0	0		0	0	0		463	0	0		0	0	0	
Nematoda	0	0	0		0	0	0		0	0	0		919.3333333	0	0		0	0	0	
Nematoda	0	0	0		0	0	0		0	0	0		0	0	139		236.6666667	0	0	
Nematoda	0	0	0		335.6666667	0	0		0	0	0		0	0	0		0	0	0	
Nematoda	0	0	0		0	0	128.6666667		0	0	0		0	0	0		0	260.3333333	0	
Nematoda	0	0	0		0	0	0		0	0	0		0	0	0		126	477.3333333	0	
Nematoda	0	0	0		0	0	0		0	0	0		885.6666667	10	0		0	0	0	
Nematoda	0	0	0		68	16	0		0	0	0		0	0	0		312.6666667	0	0	
Nematoda	0	0	0		0	0	0		0	1.333333333	0		0	0	0		0	0	16.33333333	
	67	86	85	238	94	127	112	333	50	47	73	170	158	59	22	239	201	66	175	442
																				
Nemertea	0	1.333333333	0		0	0	0		7.333333333	0	0		0	0	0		0	0	0	
Nemertea	30739.33333	0	0		0	0	0		0	0	0		0	0	0		0	0	0	
Nemertea	0	1	0		0	0	24		0	0	0		0	0	0		0	0	0	
Nemertea	85.33333333	0	0		0	132	0		0	0	0		0	0	0		0	0	0	
Nemertea	0	0	0		0	66	0		0	0	0		0	3	0		0	0	0	
Nemertea	12.33333333	0	0		0	0	0		0	0	0		0	9.333333333	0		1.333333333	4.666666667	0	
Nemertea	0	0	0		9054.666667	0	0		0	0	0		0	0	0		0	0	0	
Nemertea	0	0	0		0	0	0		0	0	0		0	0	0		0	0	29	
Nemertea	0	0	0		0	0	0		20.66666667	0	0		0	0	0		0	0	0	
	3	2	0	5	1	2	1	4	2	0	0	2	0	2	0	2	1	1	1	3
																				
Placozoa	0	1.666666667	3.666666667		0	2	6.333333333		1	0	1.666666667		0	0	0		0	0	0	
	0	1	1	2	0	1	1	2	1	0	1	2	0	0	0	0	0	0	0	0
																				
Platyhelminthes	0	0	0		0	0	0		0	237	0		0	0	0		0	0	62.33333333	
Platyhelminthes	0	0	244.3333333		0	0	0		0	0	0		0	0	0		0	0	0	
Platyhelminthes	0	0	0		0	0	0		0	0	289.6666667		0	0	0		0	0	0	
Platyhelminthes	0	0	0		0	0	0		0	18	0		0	0	0		0	0	264.6666667	
Platyhelminthes	0	0	0		0	0	0		0	2203	1144		0	0	0		0	0	0	
Platyhelminthes	141	0	0		0	0	0		0	0	0		0	0	0		0	0	0	
Platyhelminthes	0	0	0		0	0	0		0	0	0		191.6666667	0	0		0	0	0	
Platyhelminthes	0	0	0		0	0	0		0	121.6666667	0		0	0	0		0	0	0	
Platyhelminthes	0	0	0		0	0	0		0	0	0		0	0	0		0	0	3916.666667	
Platyhelminthes	0	0	0		0	0	0		0	0	0		0	4.333333333	59.66666667		0	0	0	
Platyhelminthes	0	0	0		0	0	0		0	0	0		0	0	0		0	0	1921	
Platyhelminthes	0	0	0		0	0	0		14129.66667	0	0		0	0	0		0	0	0	
Platyhelminthes	0	0	0		0	0	0		16406.66667	0	0		0	0	0		0	0	0	
Platyhelminthes	0	0	0		0	0	0		0	0	0		56	0	0		0	0	0	
Platyhelminthes	0	0	0		0	0	0		1479.666667	0	0		0	0	0		0	0	0	
Platyhelminthes	0	0	0		0	0	0		0	0	0		0	3	625		0	551.6666667	0	
Platyhelminthes	0	0	0		0	31	0		0	0	0		0	0	0		150.6666667	0	1092	
Platyhelminthes	0	0	0		0	0	0		0	0	0		0	0	0		1089	0	0	
Platyhelminthes	0	0	0		0	0	0		0	0	0		0	0	0		1403	0	0	
Platyhelminthes	0	0	0		0	0	0		1007.666667	150.3333333	0		0	0	0		0	0	0	
Platyhelminthes	0	0	0		0	0	0		0	0	0		744.3333333	0	0		0	0	0	
Platyhelminthes	0	0	0		0	0	0		0	0	0		0	0	0		0	0	644	
Platyhelminthes	0	0	0		0	0	0		0	0	0		0	610.6666667	0		0	0	0	
Platyhelminthes	0	0	0		0	0	0		0	0	0		0	0	0		0	0	13	
Platyhelminthes	0	0	0		0	467.6666667	0		0	0	0		0	0	0		0	0	0	
Platyhelminthes	0	495	0		0	0	0		0	0	0		0	0	0		0	0	0	
Platyhelminthes	0	0	0		0	0	0		0	0	0		0	6119.333333	0		0	0	0	
Platyhelminthes	0	426	0		0	0	0		0	0	0		0	0	0		0	0	0	
Platyhelminthes	0	0	0		0	0	0		0	400	0		0	0	0		0	0	0	
	1	2	1	4	0	2	0	2	4	6	2	12	3	4	2	9	3	1	7	11
																				
Porifera	0	0	0		0	0	0		0	0	0		0	0	0		0	6.666666667	1	
Porifera	0	0	0		0	0	0		0	4	2.666666667		0	0	0		0	0	0	
Porifera	0	14	0		0	7.333333333	0		20.33333333	19.33333333	0		0	0	0		0	0	0	
Porifera	7.666666667	1	4		1.666666667	6.666666667	0		0	0	0		11.33333333	1	0		0	9.333333333	0	
Porifera	0	0	7		8	0	0		0	0	0		0	0	0		0	0	0	
Porifera	0	0	0		0	0	0		0	0	10.33333333		0	0	0		0	0	0	
	1	2	2	5	2	2	0	4	1	2	2	5	1	1	0	2	0	2	1	3
																				
Rhodophyta	6	0	0		0	0	0		0	0	0		0	0	0		0	0	0	
Rhodophyta	0	0	0		0	0	1.666666667		0	0	0		0	0	0		0	0	4.666666667	
Rhodophyta	3	0	1.666666667		0	0	1		0	0	0		0	0	0		0	0	0	
Rhodophyta	0	7.333333333	0		0	0	0		0	0	0		0	0	0		0	0	0	
Rhodophyta	0	1	6.666666667		0	0	0		0	0	0		0	0	0		0	0	0	
Rhodophyta	0	0	0		0	0	0		170.3333333	0	11.33333333		0	0	0		0	0	0	
Rhodophyta	10.33333333	0	26.66666667		4.333333333	11.33333333	78.66666667		0	0	0		0	0	0		4.333333333	0	9.333333333	
Rhodophyta	0	0	0		0	0	0		0	0	0		0	0	0		0	101.6666667	0	
Rhodophyta	0	0	0		0	0	0		102	0	0		0	0	0		0	0	0	
Rhodophyta	0	4.666666667	0		0	0	0		0	0	0		0	0	0		0	0	91.33333333	
Rhodophyta	0	0	0		0	6.666666667	0		0	6	10.66666667		0	4	21		0	0	18.66666667	
Rhodophyta	0	31.33333333	0		0	0	0		0	0	26.66666667		0	0	0		0	0	0	
Rhodophyta	0	42	0		0	0	0		0	0	0		0	0	0		0	0	0	
Rhodophyta	0	0	0		4.333333333	4.666666667	0		6.333333333	1.666666667	2.666666667		4.666666667	0	0		1	0	2.333333333	
Rhodophyta	0	0	0		0	13.66666667	11.33333333		3	0	0		0	0	0		0	0	0	
Rhodophyta	5.666666667	4	6		0	6	0		0	0	2		0	0	0		3.666666667	0	0	
Rhodophyta	0	0	0		0	0	0		13.33333333	0	10.33333333		0	0	0		0	0	0	
Rhodophyta	0	0	0		0	0	0		0	4	27.66666667		0	0	0		0	0	0	
Rhodophyta	0	0	0		0	0	0		0	0	0		19.66666667	0	0		0	0	0	
Rhodophyta	0	0	0		0	5.333333333	0		0	1	8.666666667		0	0	0		0	0	0	
Rhodophyta	0	0	0		0	0	0		0	5.666666667	0		0	10	0		0	0	0	
Rhodophyta	0	0	0		0	0	0		1.666666667	0	0		19.33333333	0	0		0	3.666666667	0	
Rhodophyta	14.66666667	0	0		0	0	0		0	0	3.333333333		0	0	0		0	0	0	
Rhodophyta	0	0	0		0	0	0		0	15.33333333	0		0	0	0		0	0	0	
Rhodophyta	11	0	0		0	0	0		0	0	0		0	4	0		0	0	0	
Rhodophyta	0	0	0		0	0	0		21.33333333	0	0		0	0	0		0	0	0	
Rhodophyta	0	0	10.66666667		0	0	0		0	0	0		0	0	0		0	0	0	
Rhodophyta	3.333333333	0	0		0	0	0		0	0	0		0	0	0		0	8	0	
Rhodophyta	0	0	9		0	0	0		0	0	0		0	0	0		3.666666667	0	0	
Rhodophyta	0	0	0		0	0	0		0	7.666666667	0		0	0	0		0	0	0	
Rhodophyta	0	2	3.333333333		0	0	3		0	0	0		0	0	0		0	0	0	
Rhodophyta	0	0	1.333333333		0	0	0		0	0	8		0	0	0		0	0	0	
Rhodophyta	2.666666667	0	6.666666667		4.666666667	0	0		0	0	0		0	0	0		0	0	0	
Rhodophyta	3.666666667	0	0		0	0	4		0	0	0		0	0	0		0	0	0	
	9	7	9	25	3	6	6	15	7	7	10	24	3	3	1	7	4	3	5	12
																				
Xenacoelomorpha	0	0	0		0	0	0		6.666666667	0	0		0	0	0		0	0	0	
Xenacoelomorpha	0	0	0		0	0	0		0	0	0		0	0	0		3.666666667	0	3.666666667	
Xenacoelomorpha	0	0	3		0	0	0		0	0	0		2	0	0		1.333333333	0	0	
Xenacoelomorpha	0	0	0		0	0	0		0	0	0		0	0	0		48	0	0	
Xenacoelomorpha	0	0	0		0	0	0		0	0	0		59.33333333	0	0		0	0	0	
Xenacoelomorpha	0	0	17		0	0	0		0	0	0		0	0	0		0	0	0	
Xenacoelomorpha	0	0	0		0	0	0		0	16	0		0	1.666666667	0		0	0	0	
Xenacoelomorpha	0	0	0		0	2.333333333	0		35.33333333	0	377.6666667		0	0	0		6	0	0	
	0	0	2	2	0	1	0	1	2	1	1	4	2	1	0	3	4	0	1	5