phylum	PUA	PUA	PUA	PUA	PUE	PUE	PUE	PUE	CT	CT	CT	CT	CU	CU	CU	CU	PT	PT	PT	PT
Annelida	0	0	0	0	0	0	12469.66667	12469.66667	0	0	0	0	0	0	0	0	0	0	0	0
Annelida	0	0	0	0	0	27	0	27	0	0	0	0	0	0	0	0	0	0	0	0
Annelida	1912	0	14.33333333	1926.333333	0	122.6666667	0	122.6666667	0	0	0	0	0	0	0	0	0	0	0	0
Annelida	0	0	243.3333333	243.3333333	0	0	0	0	0	0	0	0	0	0	0	0	0	0	0	0
Annelida	0	0	0	0	0	0	13	13	0	0	0	0	0	126	0	126	0	0	0	0
Annelida	0	0	0	0	0	0	127.3333333	127.3333333	0	0	0	0	0	0	0	0	0	0	0	0
Annelida	0	0	0	0	0	0	105	105	0	0	0	0	0	0	0	0	0	0	0	0
Annelida	0	5.333333333	27.33333333	32.66666666	0	33	0	33	0	0	0	0	0	0	0	0	0	0	0	0
Annelida	0	0	0	0	0	0	0	0	0	0	0	0	0	0	0	0	1409	0	0	1409
Arthropoda	27	3.333333333	0	30.33333333	0	0	0	0	0	0	0	0	0	0	0	0	0	0	0	0
Arthropoda	0	10.66666667	0	10.66666667	0	0	0	0	0	0	5.666666667	5.666666667	0	0	0	0	12	0	3.333333333	15.33333333
Arthropoda	0	8.666666667	42.66666667	51.33333334	0	1.333333333	0	1.333333333	72.33333333	81.33333333	114.3333333	268	20.66666667	35.33333333	0	56	8.666666667	3.333333333	7	19
Arthropoda	0	0	0	0	0	0	0	0	41.66666667	0	0	41.66666667	0	0	0	0	0	0	0	0
Arthropoda	0	0	13.33333333	13.33333333	0	0	10.33333333	10.33333333	0	0	0	0	0	0	0	0	0	0	6	6
Arthropoda	0	0	0	0	1	0	0	1	22.66666667	1.666666667	0	24.33333334	0	0	0	0	0	0	0	0
Arthropoda	5	0	7.666666667	12.66666667	0	0	0	0	0	0	13.66666667	13.66666667	0	0	0	0	0	0	0	0
Arthropoda	0	0	0	0	0	0	0	0	0	0	0	0	0	0	0	0	0	23	1.333333333	24.33333333
Arthropoda	0	0	11	11	1	1	0	2	0	0	9.666666667	9.666666667	0	0	0	0	3.666666667	0	5	8.666666667
Arthropoda	0	24	0	24	0	0	0	0	0	0	1.666666667	1.666666667	0	0	0	0	0	0	0	0
Arthropoda	0	5	24	29	0	0	0	0	0	0	0	0	0	0	0	0	9	0	0	9
Arthropoda	0	15.66666667	10.33333333	26	0	0	0	0	0	0	0	0	0	0	0	0	0	0	0	0
Arthropoda	0	0	0	0	18	0	8.666666667	26.66666667	0	0	0	0	0	0	0	0	0	0	0	0
Arthropoda	30	0	0	30	0	0	0	0	0	1.333333333	0	1.333333333	0	0	0	0	0	0	0	0
Arthropoda	23.66666667	0	0	23.66666667	0	0	5.333333333	5.333333333	0	0	0	0	0	0	0	0	1	0	0	1
Arthropoda	0	0	1	1	0	6.333333333	12	18.33333333	0	0	0	0	0	0	0	0	0	7	0	7
Arthropoda	0	0	3.333333333	3.333333333	5	1	2.666666667	8.666666667	0	0	10.66666667	10.66666667	0	0	0	0	0	0	0	0
Arthropoda	0	0	12.33333333	12.33333333	0	0	0	0	0	0	5.333333333	5.333333333	0	0	0	0	0	10.33333333	0	10.33333333
Arthropoda	0	10	0	10	3.333333333	4.333333333	2	9.666666666	0	0	0	0	5.666666667	0	0	5.666666667	0	0	0	0
Arthropoda	0	0	0	0	9.333333333	0	0	9.333333333	17.66666667	0	0	17.66666667	0	0	0	0	0	0	0	0
Arthropoda	0	0	0	0	0	1.666666667	1.666666667	3.333333334	0	3	1.666666667	4.666666667	0	0	0	0	8	7	2.666666667	17.66666667
Arthropoda	0	0	0	0	0	6.666666667	0	6.666666667	0	0	0	0	0	0	0	0	2	0	13.33333333	15.33333333
Arthropoda	0	0	0	0	0	0	0	0	0	0	0	0	17.66666667	0	0	17.66666667	5.666666667	0	0	5.666666667
Arthropoda	0	0	0	0	2	0	0	2	11.66666667	14	6.333333333	32	0	0	0	0	0	0	0	0
Arthropoda	0	1	1.666666667	2.666666667	0	0	0	0	0	3	4	7	6.666666667	7	0	13.66666667	0	0	0	0
Arthropoda	0	20	22.66666667	42.66666667	40.66666667	41.66666667	59	141.3333333	5	12	42.66666667	59.66666667	5.333333333	0	0	5.333333333	5	87.33333333	14.33333333	106.6666667
Arthropoda	0	14.33333333	0	14.33333333	0	10	0	10	0	0	0	0	0	0	0	0	0	0	0	0
Arthropoda	0	2	9.666666667	11.66666667	0	0	0	0	0	0	0	0	1	0	0	1	2	6	0	8
Arthropoda	0	9	6	15	0	0	0	0	0	9.333333333	0	9.333333333	0	0	0	0	0	0	0	0
Arthropoda	33	54.66666667	26.66666667	114.3333333	17.66666667	16.33333333	72	106	0	0	7	7	34	28.33333333	38.33333333	100.6666667	7	34.33333333	19.33333333	60.66666666
Arthropoda	0	0	16.66666667	16.66666667	0	0	1.666666667	1.666666667	0	0	0	0	2.666666667	0	0	2.666666667	0	0	0	0
Arthropoda	74	54	23.33333333	151.3333333	9.666666667	18.66666667	27.66666667	56.00000001	12.66666667	4.333333333	7.666666667	24.66666667	2	0	0	2	37.33333333	51.33333333	25	113.6666667
Arthropoda	4	3.333333333	0	7.333333333	1.666666667	18	0	19.66666667	0	0	0	0	0	0	0	0	0	0	1	1
Arthropoda	0	0	0	0	0	0	0	0	0	0	0	0	21	0	0	21	0	0	0	0
Arthropoda	0	0	0	0	21.33333333	0	0	21.33333333	0	0	0	0	0	0	0	0	0	0	0	0
Arthropoda	0	0	13.66666667	13.66666667	9.333333333	0	0	9.333333333	0	0	0	0	0	0	0	0	1.666666667	0	0	1.666666667
Arthropoda	0	1.666666667	0	1.666666667	1	1.666666667	1	3.666666667	0	0	0	0	0	5	0	5	7	0	0	7
Arthropoda	0	5.333333333	2	7.333333333	53.66666667	46	52	151.6666667	1.333333333	0	0	1.333333333	51	11.33333333	0	62.33333333	76.33333333	1	17	94.33333333
Arthropoda	0	13.33333333	0	13.33333333	0	0	0	0	0	0	0	0	0	4	0	4	1	0	0	1
Arthropoda	18.66666667	0	0	18.66666667	1.333333333	0	0	1.333333333	0	0	0	0	0	0	0	0	0	0	0	0
Arthropoda	0	5.666666667	0	5.666666667	0	0	0	0	0	0	0	0	0	0	0	0	13.33333333	0	0	13.33333333
Arthropoda	0	0	13	13	1	0	0	1	41.33333333	110.3333333	146.6666667	298.3333333	0	5.333333333	0	5.333333333	0	0	1.333333333	1.333333333
Arthropoda	0	0	0	0	0	0	0	0	0	14	0	14	1	3.333333333	0	4.333333333	0	0	0	0
Arthropoda	0	0	0	0	0	0	0	0	17.66666667	0	0	17.66666667	0	0	0	0	1	0	0	1
Arthropoda	0	0	0	0	0	0	0	0	0	0	0	0	0	0	0	0	0	0	13	13
Arthropoda	0	10	0	10	17.66666667	0	0	17.66666667	0	0	0	0	0	0	0	0	0	0	0	0
Arthropoda	0	0	0	0	0	0	0	0	0	0	0	0	6.333333333	11.66666667	0	18	0	0	0	0
Arthropoda	0	0	6	6	0	3	0	3	6.333333333	2.666666667	11.66666667	20.66666667	1.666666667	5.333333333	0	7	0	0	0	0
Arthropoda	0	0	0	0	0	2	0	2	0	11	7	18	0	0	0	0	1	0	0	1
Arthropoda	0	20.33333333	4.333333333	24.66666666	16.33333333	12	14	42.33333333	40	54.66666667	52.66666667	147.3333333	0	0	0	0	30.33333333	0	52.33333333	82.66666666
Arthropoda	0	6	11.66666667	17.66666667	0	0	0	0	0	0	0	0	0	0	0	0	0	0	0	0
Arthropoda	0	10.66666667	0	10.66666667	0	0	4.666666667	4.666666667	0	0	0	0	2.666666667	0	0	2.666666667	0	0	0	0
Arthropoda	0	0	6.666666667	6.666666667	0	0	0	0	0	0	0	0	9.666666667	0	0	9.666666667	0	0	0	0
Arthropoda	4.333333333	5	0	9.333333333	1.666666667	9.666666667	0	11.33333333	5.333333333	0	0	5.333333333	0	0	0	0	132.3333333	6	125	263.3333333
Arthropoda	0	0	0	0	0	0	2.333333333	2.333333333	3	0	0	3	7.333333333	0	0	7.333333333	0	1	2.666666667	3.666666667
Arthropoda	0	0	6	6	0	0	0	0	0	0	0	0	0	0	0	0	10.33333333	0	0	10.33333333
Arthropoda	0	35.33333333	17.66666667	53	59.33333333	58.66666667	2.333333333	120.3333333	13	5.333333333	35.33333333	53.66666666	0	0	0	0	60.66666667	0	12	72.66666667
Arthropoda	3.333333333	0	0	3.333333333	0	4.333333333	0	4.333333333	0	2	8	10	0	0	0	0	0	0	0	0
Arthropoda	0	0	0	0	8	4.333333333	0	12.33333333	0	0	0	0	3.666666667	0	0	3.666666667	0	0	0	0
Arthropoda	0	0	0	0	0	0	2.333333333	2.333333333	0	0	0	0	0	16.33333333	0	16.33333333	1.666666667	0	0	1.666666667
Arthropoda	0	13	44.66666667	57.66666667	0	31	2.666666667	33.66666667	20.33333333	47.33333333	37.33333333	105	34.33333333	0	0	34.33333333	26.66666667	20.66666667	9.666666667	57.00000001
Arthropoda	0	0	0	0	0	0	0	0	0	0	0	0	0	0	0	0	0	16.33333333	1	17.33333333
Arthropoda	0	0	0	0	0	0	0	0	0	0	0	0	21.33333333	0	0	21.33333333	0	0	0	0
Arthropoda	0	0	17.66666667	17.66666667	0	0	0	0	0	0	0	0	0	0	0	0	0	0	0	0
Arthropoda	35.33333333	280	201	516.3333333	132.3333333	187.6666667	78	398	285.6666667	193	365	843.6666667	138	53.66666667	0	191.6666667	248	17	312.3333333	577.3333333
Arthropoda	0	8	5.333333333	13.33333333	0	0	0	0	0	0	0	0	0	0	0	0	0	0	0	0
Arthropoda	0	0	0	0	0	0	0	0	0	0	0	0	0	0	0	0	0	13	1.666666667	14.66666667
Arthropoda	0	0	0	0	10.66666667	0	0	10.66666667	0	0	0	0	0	0	0	0	6.333333333	0	0	6.333333333
Arthropoda	0	0	0	0	0	0	0	0	0	0	0	0	1	0	0	1	0	0	11.66666667	11.66666667
Arthropoda	56	27.66666667	44.33333333	128	0	2.666666667	61.33333333	64	14.66666667	14.66666667	0	29.33333334	32.66666667	7.666666667	13.33333333	53.66666667	14.33333333	40.66666667	5.666666667	60.66666667
Arthropoda	0	0	0	0	0	0	0	0	0	0	0	0	0	0	0	0	14	0	0	14
Arthropoda	0	1.333333333	0	1.333333333	0	0	13.66666667	13.66666667	0	0	0	0	0	0	0	0	0	0	0	0
Arthropoda	0	0	0	0	0	4	0	4	0	0	13.66666667	13.66666667	2	0	0	2	0	0	0	0
Arthropoda	0	2.333333333	0	2.333333333	11.33333333	0	2	13.33333333	0	0	0	0	0	0	0	0	0	0	0	0
Arthropoda	0	0	0	0	0	0	0	0	0	465.6666667	0	465.6666667	0	0	0	0	0	0	0	0
Arthropoda	0	1.333333333	8.666666667	10	0	0	0	0	3	0	0	3	1.333333333	0	0	1.333333333	0	0	0	0
Arthropoda	0	29.66666667	43.66666667	73.33333334	0	0	1.333333333	1.333333333	41.33333333	93.66666667	38.33333333	173.3333333	0	8.666666667	0	8.666666667	7	0	0	7
Arthropoda	0	0	0	0	0	0	0	0	0	0	0	0	0	0	0	0	0	0	22.66666667	22.66666667
Arthropoda	0	0	0	0	0	7.666666667	0	7.666666667	0	0	0	0	0	0	0	0	4.333333333	0	0	4.333333333
Arthropoda	0	0	5	5	0	0	0	0	0	0	8.333333333	8.333333333	0	0	0	0	0	0	0	0
Arthropoda	0	7.333333333	10.66666667	18	0	0	0	0	47	110	35	192	0	16.33333333	0	16.33333333	3.666666667	0	37	40.66666667
Arthropoda	0	0	1.333333333	1.333333333	0	0	1	1	22.33333333	0	3.666666667	26	104.6666667	13.33333333	83.33333333	201.3333334	4	9	20.33333333	33.33333333
Arthropoda	0	0	0	0	0	0	0	0	2.333333333	0	2	4.333333333	0	0	0	0	0	4.666666667	8.333333333	13
Arthropoda	0	0	0	0	14	0	0	14	0	0	0	0	0	0	0	0	0	0	0	0
Arthropoda	0	1.666666667	0	1.666666667	0	18.66666667	0	18.66666667	103	18.33333333	72.33333333	193.6666667	0	0	0	0	28	0	3	31
Arthropoda	0	14	3	17	0	4	0	4	0	0	0	0	0	0	0	0	0	3	0	3
Arthropoda	0	11.33333333	0	11.33333333	0	0	0	0	0	0	0	0	0	0	0	0	0	0	0	0
Arthropoda	0	0	5.333333333	5.333333333	0	0	0	0	0	4.333333333	0	4.333333333	0	0	0	0	0	10	0	10
Arthropoda	0	0	5	5	0	0	0	0	0	0	0	0	0	0	0	0	0	0	4.333333333	4.333333333
Arthropoda	0	4	8	12	0	0	0	0	1	0	0	1	0	0	0	0	0	0	0	0
Arthropoda	0	22.66666667	24	46.66666667	15	33.66666667	13.66666667	62.33333334	0	0	0	0	163	0	0	163	0	5	1.333333333	6.333333333
Arthropoda	70.33333333	43	17	130.3333333	53.33333333	5	43.33333333	101.6666667	0	0	0	0	0	0	0	0	0	12.33333333	7	19.33333333
Arthropoda	8	0	23	31	10.33333333	36.66666667	6.333333333	53.33333333	13.33333333	31.33333333	21.33333333	65.99999999	8	20.66666667	0	28.66666667	23.66666667	0	17.33333333	41
Arthropoda	0	9.666666667	0	9.666666667	0	0	0	0	0	0	0	0	0	0	0	0	0	0	2.666666667	2.666666667
Arthropoda	0	0	0	0	0	0	0	0	0	0	0	0	0	3.666666667	0	3.666666667	0	0	6.333333333	6.333333333
Arthropoda	0	0	0	0	0	11	0	11	0	0	0	0	0	0	0	0	0	0	0	0
Arthropoda	0	0	0	0	0	0	0	0	0	0	7.333333333	7.333333333	0	0	0	0	0	0	1	1
Arthropoda	0	0	0	0	0	0	0	0	0	4.333333333	0	4.333333333	0	0	0	0	0	4.333333333	0	4.333333333
Arthropoda	0	3.666666667	33.66666667	37.33333334	22.33333333	69.33333333	2.666666667	94.33333333	16.33333333	0	9	25.33333333	24.66666667	0	0	24.66666667	24	0	12	36
Arthropoda	0	0	0	0	0	0	0	0	0	0	0	0	0	0	0	0	9	0	0	9
Arthropoda	0	0	0	0	0	0	0	0	1.333333333	0	7.666666667	9	0	0	0	0	0	0	0	0
Arthropoda	0	0	0	0	0	0	0	0	5.333333333	8	0	13.33333333	0	0	0	0	0	0	0	0
Arthropoda	6.666666667	10.33333333	31	48	5	7.666666667	6	18.66666667	1	0	0	1	32	0	0	32	45	35.66666667	26.33333333	107
Arthropoda	0	3.666666667	0	3.666666667	0	0	3.333333333	3.333333333	0	0	0	0	0	0	1	1	0	0	0	0
Arthropoda	0	0	0	0	0	0	0	0	0	0	0	0	0	0	0	0	2.666666667	6.666666667	0	9.333333334
Arthropoda	0	4	1.333333333	5.333333333	0	0	0	0	0	0	0	0	5.333333333	0	0	5.333333333	0	0	0	0
Arthropoda	0	31.66666667	16	47.66666667	9	1.666666667	12.33333333	23	5.333333333	0	11.33333333	16.66666666	13.33333333	70.66666667	0	84	11.33333333	0	18	29.33333333
Arthropoda	0	0	0	0	0	0	0	0	0	4.333333333	1.333333333	5.666666666	0	3	0	3	0	0	0	0
Arthropoda	0	14.66666667	0	14.66666667	0	840.3333333	0	840.3333333	0	0	0	0	2.333333333	0	0	2.333333333	380.6666667	0	1.333333333	382
Arthropoda	0	0	0	0	0	5.333333333	0	5.333333333	0	2	0	2	0	0	0	0	0	0	0	0
Arthropoda	0	0	0	0	0	4.333333333	4.333333333	8.666666666	0	0	0	0	0	0	0	0	0	0	0	0
Arthropoda	0	0	0	0	0	8.666666667	0	8.666666667	0	0	0	0	0	0	0	0	0	0	0	0
Arthropoda	0	2.333333333	0	2.333333333	0	0	0	0	0	0	0	0	7.666666667	0	0	7.666666667	0	0	0	0
Arthropoda	0	9.666666667	0	9.666666667	0	118.3333333	27	145.3333333	0	0	0	0	0	0	0	0	48	0	0	48
Arthropoda	9.666666667	0	1.333333333	11	0	0	0	0	0	0	0	0	0	0	0	0	1	0	0	1
Arthropoda	0	6	0	6	0	1.666666667	0	1.666666667	0	0	0	0	0	0	0	0	0	0	0	0
Arthropoda	0	0	0	0	0	8	0	8	0	0	0	0	0	0	0	0	0	0	0	0
Arthropoda	41.33333333	99.66666667	158	299	141.6666667	75.33333333	157	374	41	54.33333333	118.3333333	213.6666666	78.66666667	38	0	116.6666667	129	163.3333333	124	416.3333333
Arthropoda	0	0	0	0	0	0	0	0	0	0	0	0	0	0	0	0	2	0	3.333333333	5.333333333
Arthropoda	0	28.33333333	20.66666667	49	5.333333333	30.33333333	5.333333333	41	5	8	51.66666667	64.66666667	0	0	0	0	16	0	25.33333333	41.33333333
Arthropoda	0	0	0	0	0	0	3	3	0	0	0	0	0	0	0	0	2.666666667	0	0	2.666666667
Arthropoda	8.666666667	59	22	89.66666667	247.6666667	165.6666667	355	768.3333334	35.66666667	2.666666667	10.33333333	48.66666667	5.333333333	0	0	5.333333333	136	110	219.6666667	465.6666667
Arthropoda	0	0	0	0	0	1.333333333	1	2.333333333	0	0	0	0	0	0	0	0	8	0	0	8
Arthropoda	0	0	0	0	0	0	0	0	7.666666667	0	0	7.666666667	0	0	0	0	1.666666667	0	0	1.666666667
Arthropoda	0	2.333333333	0	2.333333333	0	0	3	3	0	0	0	0	0	2	0	2	0	0	0	0
Arthropoda	0	1.333333333	0	1.333333333	1.333333333	1.333333333	0	2.666666666	0	0	0	0	1.666666667	0	0	1.666666667	0	0	0	0
Arthropoda	7.333333333	3.333333333	0	10.66666667	33.33333333	38	43.33333333	114.6666667	13.66666667	0	0	13.66666667	8.333333333	0	0	8.333333333	30	1.333333333	16.33333333	47.66666666
Arthropoda	0	0	0	0	0	0	0	0	0	0	0	0	0	3.666666667	0	3.666666667	2	9	0	11
Arthropoda	0	34.33333333	30.33333333	64.66666666	2.333333333	4	2	8.333333333	0	34	16.66666667	50.66666667	30	0	0	30	42	0	4.666666667	46.66666667
Arthropoda	0	0	3.666666667	3.666666667	0	0	0	0	0	0	0	0	3.666666667	0	0	3.666666667	0	0	1.333333333	1.333333333
Arthropoda	268.3333333	184	253.6666667	706	39	12.66666667	73	124.6666667	17.66666667	8.666666667	51.66666667	78.00000001	149	75	0	224	53	75.33333333	60	188.3333333
Arthropoda	0	0	0	0	0	0	0	0	0	0	8.666666667	8.666666667	0	0	0	0	0	0	0	0
Arthropoda	0	0	0	0	0	0	0	0	0	0	0	0	0	0	0	0	6.666666667	0	0	6.666666667
Arthropoda	0	0	27.66666667	27.66666667	17	71.33333333	16.66666667	105	0	0	0	0	0	0	0	0	29.33333333	0	6.333333333	35.66666666
Arthropoda	0	4.333333333	0	4.333333333	1	1.333333333	0	2.333333333	0	0	0	0	0	0	0	0	0	0	1.333333333	1.333333333
Arthropoda	0	0	0	0	0	0	0	0	6.666666667	0	0	6.666666667	0	0	0	0	0	0	0	0
Arthropoda	0	0	0	0	0	0	2	2	0	0	0	0	0	0	0	0	4.666666667	0	0	4.666666667
Arthropoda	0	0	0	0	0	1.333333333	0	1.333333333	0	0	0	0	4	0	1	5	0	0	0	0
Arthropoda	0	0	0	0	0	0	2.666666667	2.666666667	0	0	0	0	0	0	0	0	6.666666667	0	0	6.666666667
Arthropoda	0	0	0	0	0	0	3.333333333	3.333333333	0	0	0	0	0	0	0	0	0	2.666666667	0	2.666666667
Arthropoda	0	4.666666667	3.666666667	8.333333334	0	0	0	0	0	0	0	0	0	0	0	0	1	0	0	1
Arthropoda	143.6666667	207.3333333	389	740	244	204.3333333	579	1027.333333	185.3333333	354.3333333	389.3333333	928.9999999	427.6666667	126	0	553.6666667	646.6666667	845.6666667	702	2194.333333
Arthropoda	0	0	0	0	0	0	0	0	1	0	3.333333333	4.333333333	0	0	0	0	0	0	0	0
Arthropoda	0	0	0	0	0	0	0	0	0	0	5.666666667	5.666666667	0	0	0	0	0	0	0	0
Arthropoda	2.666666667	30.33333333	15.66666667	48.66666667	14	8.666666667	14.33333333	37	4.666666667	7	4.333333333	16	3.333333333	6	0	9.333333333	27.33333333	1.333333333	15	43.66666666
Arthropoda	0	0	0	0	0	0	4	4	0	0	0	0	0	0	0	0	1	0	1.666666667	2.666666667
Arthropoda	0	0	0	0	0	0	0	0	1	0	0	1	1.666666667	0	0	1.666666667	0	0	0	0
Arthropoda	0	0	0	0	0	4.333333333	0	4.333333333	0	0	0	0	0	0	0	0	0	0	0	0
Arthropoda	0	0	0	0	0	6.666666667	0	6.666666667	0	0	0	0	0	0	0	0	0	0	0	0
Arthropoda	0	0	0	0	43.66666667	10.66666667	12.33333333	66.66666667	7.666666667	27.33333333	11.66666667	46.66666667	0	0	0	0	24.66666667	0	29.33333333	54
Arthropoda	0	0	0	0	0	1.333333333	3.333333333	4.666666666	0	0	0	0	0	0	0	0	0	0	0	0
Arthropoda	0	5.333333333	3	8.333333333	18.66666667	1.333333333	1	21	38	26.66666667	19	83.66666667	0	0	0	0	13.33333333	4.666666667	27	45
Arthropoda	0	1	0	1	0	0	0	0	3	0	0	3	0	0	0	0	0	0	0	0
Arthropoda	0	0	0	0	0	0	0	0	0	1	0	1	0	0	0	0	0	0	2.666666667	2.666666667
Arthropoda	0	6.333333333	0	6.333333333	0	0	0	0	0	0	0	0	0	0	0	0	0	0	0	0
Arthropoda	0	0	5.333333333	5.333333333	1.333333333	2	0	3.333333333	0	0	0	0	0	0	0	0	0	0	4.333333333	4.333333333
Arthropoda	28	36.33333333	56.33333333	120.6666667	0	1.333333333	0	1.333333333	0	0	0	0	3	0	0	3	11	0	5.666666667	16.66666667
Arthropoda	0	0	4.666666667	4.666666667	0	0	0	0	0	0	0	0	0	0	0	0	0	0	0	0
Arthropoda	0	0	0	0	44.66666667	0	0	44.66666667	22.33333333	28.66666667	39	90	0	0	0	0	17	0	0	17
Arthropoda	0	5	8	13	11	26.33333333	2.666666667	40	13.66666667	14.66666667	36.66666667	65.00000001	6.666666667	0	0	6.666666667	16.33333333	0	5.333333333	21.66666666
Arthropoda	0	0	0	0	1	0	0	1	0	2.666666667	0	2.666666667	0	0	0	0	0	0	0	0
Arthropoda	17.33333333	0	0	17.33333333	0	1.666666667	0	1.666666667	21.33333333	12.33333333	60.33333333	93.99999999	0	0	0	0	0	20	0	20
Arthropoda	0	0	0	0	5	0	0	5	53	22.66666667	19.33333333	95	0	0	0	0	0	37	0	37
Arthropoda	2.333333333	0	4.333333333	6.666666666	0	1.333333333	41.33333333	42.66666666	0	0	0	0	40	19.33333333	0	59.33333333	5	19.66666667	0	24.66666667
Arthropoda	0	1.333333333	6	7.333333333	0	9.666666667	0	9.666666667	19	30.33333333	20.66666667	70	0	13.33333333	0	13.33333333	12.33333333	0	14.33333333	26.66666666
Arthropoda	6.333333333	10.66666667	42.66666667	59.66666667	0	0	0	0	4.333333333	0	12.33333333	16.66666666	29	0	0	29	19.66666667	1	0	20.66666667
Arthropoda	0	18.33333333	32	50.33333333	2	21	6.666666667	29.66666667	3	13.33333333	13.66666667	30	9	0	0	9	2.333333333	0	9.666666667	12
Arthropoda	0	0	0	0	0	0	0	0	19.33333333	71.66666667	40.66666667	131.6666667	0	0	0	0	0	0	0	0
Arthropoda	0	3	9.666666667	12.66666667	13	25.33333333	1.333333333	39.66666666	0	10.66666667	0	10.66666667	0	25.33333333	0	25.33333333	4.666666667	0	25.66666667	30.33333334
Arthropoda	0	0	5.333333333	5.333333333	0	26.66666667	9.333333333	36	28	0	31.33333333	59.33333333	0	2	0	2	6	0	16.66666667	22.66666667
Arthropoda	0	18.66666667	7.666666667	26.33333334	0	0	0	0	20.66666667	19.33333333	1	41	0	1.333333333	0	1.333333333	2	3	35.66666667	40.66666667
Arthropoda	0	32.66666667	0	32.66666667	8.333333333	8	3.333333333	19.66666667	3.333333333	17.66666667	9	30	0	1.333333333	0	1.333333333	10.33333333	12	24.33333333	46.66666666
Arthropoda	0	20	42.66666667	62.66666667	31.66666667	7.333333333	0	39	0	0	0	0	1.666666667	0	0	1.666666667	0	0	14.66666667	14.66666667
Arthropoda	0	34	13.33333333	47.33333333	0	0	0	0	50.33333333	19.33333333	7.333333333	76.99999999	0	0	0	0	0	0	0	0
Arthropoda	7.666666667	104.6666667	75.33333333	187.6666667	84	71.66666667	56.66666667	212.3333333	122	50.66666667	63.66666667	236.3333333	57.33333333	23.66666667	29	110	94	0	149.3333333	243.3333333
Arthropoda	0	4	0	4	0	18.33333333	0	18.33333333	11.66666667	16.33333333	35.66666667	63.66666667	0	0	0	0	10.33333333	0	2.666666667	13
Arthropoda	2	1.333333333	0	3.333333333	0	0	6.666666667	6.666666667	59.33333333	0	24.33333333	83.66666666	0	0	0	0	0	0	8.333333333	8.333333333
Arthropoda	0	23.66666667	10	33.66666667	5	10	10.33333333	25.33333333	0	5.333333333	0	5.333333333	3	0	0	3	17.66666667	0	21	38.66666667
Arthropoda	0	9	0	9	6	24.33333333	4	34.33333333	0	1	0	1	0	0	0	0	34	16.33333333	0	50.33333333
Arthropoda	0	0	0	0	0	0	0	0	16.33333333	73	0	89.33333333	2	0	0	2	17.33333333	3.333333333	4.333333333	25
Arthropoda	0	24	2	26	4.666666667	7	2.666666667	14.33333333	0	0	0	0	5	0	0	5	6.333333333	8.333333333	32.33333333	47
Arthropoda	0	0	0	0	0	0	0	0	23.66666667	29.66666667	33.66666667	87.00000001	0	0	0	0	0	0	0	0
Arthropoda	11.66666667	0	0	11.66666667	14.33333333	18.33333333	12.66666667	45.33333333	45.66666667	13	1	59.66666667	0	0	0	0	1.333333333	0	3	4.333333333
Arthropoda	0	8.333333333	0	8.333333333	12	3	0	15	1	27.33333333	4.333333333	32.66666666	13.66666667	6.666666667	0	20.33333334	3.333333333	0	2.666666667	6
Arthropoda	47.33333333	30.33333333	0	77.66666666	0	0	0	0	0	0	0	0	0	0	0	0	5.333333333	0	0	5.333333333
Arthropoda	18.33333333	14.66666667	0	33	15	0	4	19	14.66666667	3	0	17.66666667	3	0	0	3	0	24	0	24
Arthropoda	0	10	10.66666667	20.66666667	0	5.333333333	21.66666667	27	0	0	0	0	4.333333333	0	0	4.333333333	16.33333333	0	21	37.33333333
Arthropoda	0	22.66666667	0	22.66666667	0	0	13.33333333	13.33333333	0	3.666666667	0	3.666666667	0	0	0	0	14.66666667	16	8.333333333	39
Arthropoda	21.33333333	36.33333333	24	81.66666666	0	0	0	0	0	0	0	0	0	0	0	0	0	0	1	1
Arthropoda	0	18	5.666666667	23.66666667	1.666666667	3.333333333	0	5	2	12	14.33333333	28.33333333	8.333333333	5	0	13.33333333	9.333333333	0	3.666666667	13
Arthropoda	35.66666667	0	0	35.66666667	0	4.333333333	0	4.333333333	0	1.666666667	0	1.666666667	7.666666667	6	0	13.66666667	8.666666667	0	17	25.66666667
Arthropoda	0	0	0	0	0	0	0	0	0	23.33333333	35.66666667	59	0	0	0	0	0	0	21.66666667	21.66666667
Arthropoda	0	9.666666667	7.333333333	17	0	7	3.666666667	10.66666667	0	0	13.33333333	13.33333333	0	0	0	0	29	0	7.333333333	36.33333333
Arthropoda	0	60.33333333	51.66666667	112	9	64.33333333	0	73.33333333	98.33333333	138.6666667	50	287	25.66666667	87.33333333	0	113	117.3333333	0	102.3333333	219.6666666
Arthropoda	0	47.33333333	52	99.33333333	0	0	0	0	0	0	0	0	0	0	0	0	0	0	0	0
Arthropoda	0	0	0	0	0	1.333333333	0	1.333333333	0	37.33333333	24	61.33333333	0	0	0	0	14	0	2	16
Arthropoda	0	0	0	0	2.333333333	37.66666667	0	40	6.666666667	0	2.333333333	9	1.666666667	0	0	1.666666667	9.666666667	0	16.66666667	26.33333334
Arthropoda	0	0	0	0	0	0	0	0	0	1	0	1	1.666666667	71	0	72.66666667	0	0	1	1
Arthropoda	0	11	26.66666667	37.66666667	0	3	1	4	0	6.333333333	0	6.333333333	0	0	0	0	12.33333333	17	3.333333333	32.66666666
Arthropoda	7.666666667	0	0	7.666666667	9	0	51.33333333	60.33333333	0	0	0	0	0	0	0	0	0	0	0	0
Arthropoda	0	0	1	1	0	11.33333333	6.666666667	18	2	0	0	2	0	0	0	0	11	1	40.33333333	52.33333333
Arthropoda	0	23	0	23	0	4.666666667	0	4.666666667	0	3.666666667	15.33333333	19	0	0	0	0	8	10.66666667	8	26.66666667
Arthropoda	0	0	24	24	5.666666667	13.33333333	5.333333333	24.33333333	0	5	9	14	0	0	0	0	3.333333333	0	11.33333333	14.66666666
Arthropoda	0	0	0	0	0	0	0	0	7	27.33333333	34.66666667	69	0	0	0	0	0	0	0	0
Arthropoda	4.333333333	40.33333333	65.33333333	110	9.666666667	35.66666667	43.33333333	88.66666667	27.33333333	11.66666667	51.66666667	90.66666667	221.3333333	35	0	256.3333333	34.66666667	97.66666667	49.66666667	182
Arthropoda	0	0	0	0	0	23.66666667	0	23.66666667	39	1	0	40	0	0	0	0	7	0	0	7
Arthropoda	71.33333333	321	255.6666667	648	213	218	107	538	654.6666667	692.6666667	735	2082.333333	573	65.33333333	0	638.3333333	386	124.6666667	445.6666667	956.3333334
Arthropoda	0	13.33333333	0	13.33333333	0	0	0	0	0	3.333333333	22	25.33333333	1	0	0	1	21.33333333	0	0	21.33333333
Arthropoda	0	2	11	13	0	0	0	0	0	0	0	0	0	43	0	43	0	0	0	0
Arthropoda	0	0	0	0	33.66666667	0	0	33.66666667	0	23.66666667	0	23.66666667	0	0	0	0	0	0	0	0
Arthropoda	9.333333333	34.33333333	13	56.66666666	0	0	0	0	0	8.666666667	0	8.666666667	0	0	0	0	0	0	5	5
Arthropoda	0	12	0	12	3	1	3.666666667	7.666666667	5.333333333	0	1	6.333333333	11	1.666666667	0	12.66666667	15	0	6	21
Arthropoda	0	0	13.33333333	13.33333333	0	23.33333333	0	23.33333333	0	0	0	0	0	0	0	0	26.66666667	0	0	26.66666667
Arthropoda	0	0	0	0	0	0	0	0	7.666666667	0	0	7.666666667	19.33333333	24.66666667	0	44	0	0	13	13
Arthropoda	15.33333333	4	0	19.33333333	0	0	0	0	0	40.66666667	0	40.66666667	0	0	0	0	7.333333333	0	4.666666667	12
Arthropoda	0	0	0	0	6	4.666666667	9.333333333	20	11.33333333	11.66666667	0	23	11.33333333	0	0	11.33333333	0	0	0	0
Arthropoda	0	0	4.333333333	4.333333333	0	29	0	29	0	0	0	0	0	0	0	0	35	0	0	35
Arthropoda	0	9.333333333	2.666666667	12	0	1	2	3	0	0	0	0	6.666666667	0	0	6.666666667	17.66666667	0	16	33.66666667
Arthropoda	0	0	0	0	0	0	0	0	0	68.66666667	0	68.66666667	0	0	0	0	0	0	0	0
Arthropoda	24.33333333	0	0	24.33333333	0	8	1.666666667	9.666666667	0	0	9.333333333	9.333333333	0	0	0	0	1	12.33333333	2.666666667	16
Arthropoda	0	0	0	0	4.666666667	7	0	11.66666667	7	9	21.66666667	37.66666667	0	20.66666667	0	20.66666667	0	0	1	1
Arthropoda	0	0	1.666666667	1.666666667	15	0	24.33333333	39.33333333	0	0	0	0	0	0	0	0	7.666666667	0	0	7.666666667
Arthropoda	0	0	4	4	0	0	0	0	38	0	0	38	0	0	0	0	0	0	8	8
Arthropoda	0	35	77.66666667	112.6666667	19.66666667	29	31.66666667	80.33333334	40.33333333	12.33333333	21.66666667	74.33333333	55	0	84.66666667	139.6666667	15.66666667	165.6666667	63	244.3333334
Arthropoda	0	0	0	0	26	0	20.66666667	46.66666667	0	0	0	0	0	0	0	0	0	0	0	0
Arthropoda	0	0	2.333333333	2.333333333	2	0	0	2	0	1.333333333	8.666666667	10	0	26.33333333	0	26.33333333	4.333333333	0	0	4.333333333
Arthropoda	0	0	0	0	0	0	0	0	0	0	0	0	0	57	0	57	0	0	0	0
Arthropoda	0	0	1.666666667	1.666666667	2	0	0	2	0	30.33333333	12.33333333	42.66666666	0	0	0	0	0	5	2	7
Arthropoda	0	0	16.33333333	16.33333333	0	0	0	0	0	0	0	0	0	23	0	23	5.333333333	1.333333333	7.333333333	14
Arthropoda	0	14.33333333	21.33333333	35.66666666	0	0	0	0	0	0	0	0	5.666666667	8.333333333	0	14	0	0	0	0
Arthropoda	0	3.666666667	3.333333333	7	5.333333333	3.666666667	13.33333333	22.33333333	0	0	0	0	18.33333333	0	0	18.33333333	0	0	0	0
Arthropoda	0	0	0	0	0	10.66666667	10.66666667	21.33333334	0	1.666666667	4	5.666666667	20.33333333	0	0	20.33333333	0	0	3.333333333	3.333333333
Arthropoda	0	1.333333333	0	1.333333333	6.666666667	7.333333333	0	14	0	0	12	12	0	0	0	0	26.33333333	0	0	26.33333333
Arthropoda	0	0	0	0	7	8.666666667	21	36.66666667	4.666666667	3.333333333	0	8	0	0	0	0	2.666666667	0	7	9.666666667
Arthropoda	0	0	11	11	4.666666667	8.666666667	0	13.33333333	0	0	2.666666667	2.666666667	17	0	0	17	0	0	1	1
Arthropoda	0	0	0	0	3.666666667	0	6	9.666666667	12	3	5.333333333	20.33333333	0	0	0	0	0	3	6.666666667	9.666666667
Arthropoda	0	0	0	0	0	0	0	0	0	3.666666667	3.666666667	7.333333334	0	0	0	0	16.66666667	20.66666667	8	45.33333334
Arthropoda	0	31	0	31	0	0	0	0	0	0	0	0	0	0	0	0	0	0	14	14
Arthropoda	0	2.333333333	3	5.333333333	2	6.666666667	0	8.666666667	7.666666667	2.333333333	0	10	4.333333333	2.333333333	0	6.666666666	13.66666667	0	0	13.66666667
Arthropoda	0	40.33333333	38	78.33333333	42.66666667	71	1	114.6666667	14.66666667	79.33333333	131.3333333	225.3333333	31	20.66666667	0	51.66666667	39	0	18	57
Arthropoda	10.33333333	1.333333333	0	11.66666666	0	0	0	0	0	0	25.66666667	25.66666667	0	0	0	0	0	0	0	0
Arthropoda	9.666666667	10.33333333	7	27	2	0	4.666666667	6.666666667	0	1	0	1	0	0	0	0	0	1	3.333333333	4.333333333
Arthropoda	3.333333333	6.666666667	0	10	0	1	0	1	0	0	0	0	14.66666667	0	0	14.66666667	14.66666667	0	1.666666667	16.33333334
Arthropoda	0	0	0	0	1.333333333	0	3	4.333333333	23.33333333	5.666666667	9.666666667	38.66666666	0	0	0	0	0	0	0	0
Arthropoda	0	10.66666667	0	10.66666667	0	5.666666667	5	10.66666667	0	0	0	0	0	0	0	0	3	0	12	15
Arthropoda	0	3.333333333	0	3.333333333	2	3	0	5	7.666666667	0	0	7.666666667	0	0	0	0	11	2.666666667	14.33333333	28
Arthropoda	0	0	0	0	0	0	0	0	0	36	0	36	0	0	0	0	0	0	0	0
Arthropoda	0	0	0	0	5.666666667	0	4	9.666666667	0	20.33333333	0	20.33333333	0	0	0	0	1	0	1.666666667	2.666666667
Arthropoda	0	0	0	0	0	0	0	0	11.66666667	5	16.66666667	33.33333334	0	0	0	0	0	0	0	0
Arthropoda	0	0	2.666666667	2.666666667	0	0	0	0	0	0	0	0	0	0	0	0	34.66666667	0	0	34.66666667
Arthropoda	0	0	0	0	0	0	0	0	30	4.333333333	0	34.33333333	0	0	0	0	0	0	0	0
Arthropoda	0	3.333333333	0	3.333333333	0	3	0	3	0	3.333333333	7.333333333	10.66666667	0	5.333333333	0	5.333333333	8	0	3.333333333	11.33333333
Arthropoda	0	0	29	29	9	41	33	83	19.66666667	37	27.66666667	84.33333334	44	0	0	44	110.6666667	24	65.33333333	200
Arthropoda	0	0	0	0	0	0	0	0	5	29.66666667	0	34.66666667	0	0	0	0	0	0	0	0
Arthropoda	94.66666667	29.33333333	7.333333333	131.3333333	5.666666667	19.66666667	91.33333333	116.6666667	1.333333333	0	0	1.333333333	0	48	0	48	87.33333333	48.33333333	20.33333333	156
Arthropoda	0	0	0	0	0	0	0	0	31.66666667	0	0	31.66666667	0	0	0	0	0	0	0	0
Arthropoda	0	10	0	10	68.66666667	111	199.6666667	379.3333334	7.333333333	1	4.333333333	12.66666667	0	0	0	0	16.66666667	8.333333333	7	32
Arthropoda	0	0	5	5	0	8	0	8	0	6.333333333	2	8.333333333	0	0	0	0	9	0	1.333333333	10.33333333
Arthropoda	0	0	0	0	0	0	0	0	5.333333333	9	0	14.33333333	17.33333333	0	0	17.33333333	0	0	0	0
Arthropoda	0	7.333333333	0	7.333333333	0	0	0	0	0	20	4	24	0	0	0	0	0	0	0	0
Arthropoda	0	7.333333333	0	7.333333333	0	0	0	0	0	16.66666667	0	16.66666667	0	0	0	0	0	0	5.666666667	5.666666667
Arthropoda	0	12	0	12	0	0	0	0	0	3.333333333	0	3.333333333	0	0	0	0	5.333333333	15.33333333	7.333333333	28
Arthropoda	0	0	0	0	6.666666667	0	0	6.666666667	0	0	0	0	0	0	0	0	12.33333333	0	10	22.33333333
Arthropoda	91.33333333	283.3333333	200.3333333	574.9999999	146	176.3333333	406	728.3333333	79.66666667	68.33333333	156.6666667	304.6666667	238	163.3333333	0	401.3333333	264	432	237	933
Arthropoda	0	0	4.666666667	4.666666667	0	11.66666667	3.666666667	15.33333334	0	0	0	0	9.333333333	0	0	9.333333333	0	0	0	0
Arthropoda	0	0	0	0	9.333333333	21.66666667	0	31	1.666666667	0	0	1.666666667	0	0	0	0	0	0	0	0
Arthropoda	5	23.33333333	3	31.33333333	0	10.66666667	0	10.66666667	0	0	0	0	1.666666667	0	0	1.666666667	0	0	0	0
Chordata	7	2.333333333	1.333333333	10.66666667	1.333333333	0	0	1.333333333	0	0	9.333333333	9.333333333	8	0	6.333333333	14.33333333	1	26.33333333	0	27.33333333
Cnidaria	0	0	5.666666667	5.666666667	0	6	0	6	1.333333333	0	0	1.333333333	8.333333333	0	0	8.333333333	0	0	7.333333333	7.333333333
Cnidaria	0	0	2.666666667	2.666666667	0	12	0	12	0	0	10	10	0	0	0	0	0	0	0	0
Cnidaria	0	0	1.333333333	1.333333333	47	12	0	59	34.66666667	101.6666667	123.6666667	260.0000001	36.66666667	20.66666667	0	57.33333334	20	12	6	38
Cnidaria	0	16.33333333	7.666666667	24	0	0	0	0	0	1.333333333	0	1.333333333	0	0	0	0	1	0	0	1
Cnidaria	0	1	0	1	0	2	0	2	11	9.333333333	0	20.33333333	0	0	0	0	3	0	0	3
Cnidaria	0	0	0	0	1	0	0	1	0	8	0	8	9.666666667	0	0	9.666666667	0	4	2.333333333	6.333333333
Cnidaria	0	0	0	0	0	19	2.666666667	21.66666667	0	7.666666667	0	7.666666667	0	0	0	0	0	0	0	0
Cnidaria	0	0	4.333333333	4.333333333	0	0	0	0	0	0	0	0	0	3.666666667	0	3.666666667	13	0	2.666666667	15.66666667
Cnidaria	0	0	0	0	0	4	0	4	0	0	0	0	3.666666667	0	0	3.666666667	0	0	17.66666667	17.66666667
Cnidaria	0	0	1.333333333	1.333333333	3.666666667	2.333333333	0	6	0	5	0	5	0	0	0	0	5.333333333	0	5.666666667	11
Cnidaria	0	109.3333333	1	110.3333333	72	64.66666667	40.33333333	177	5	24.33333333	0	29.33333333	17.33333333	0	0	17.33333333	25.33333333	0	29.66666667	55
Cnidaria	30.66666667	182.3333333	143.6666667	356.6666667	202.3333333	262.3333333	176.3333333	640.9999999	31	6.333333333	34	71.33333333	83.66666667	57.66666667	0	141.3333333	399.3333333	325	281	1005.333333
Cnidaria	0	29	28.66666667	57.66666667	14.66666667	85.33333333	0	100	10.33333333	71.33333333	95.66666667	177.3333333	18.33333333	8	0	26.33333333	7.333333333	0	30.33333333	37.66666666
Cnidaria	0	0	3.666666667	3.666666667	0	19.33333333	0	19.33333333	0	0	0	0	0	0	0	0	0	0	0	0
Cnidaria	0	15	46	61	11	54.66666667	21.66666667	87.33333334	33	17.66666667	25.66666667	76.33333334	0	15	0	15	38	36.33333333	40.33333333	114.6666667
Cnidaria	0	6	1	7	0	1.333333333	0	1.333333333	6.333333333	0	1.333333333	7.666666666	0	0	0	0	2.666666667	1.333333333	0	4
Cnidaria	0	72	44.66666667	116.6666667	0	33.33333333	3.666666667	37	10.33333333	21.33333333	0	31.66666666	71	89.66666667	0	160.6666667	18.66666667	0	1.666666667	20.33333334
Cnidaria	0	10.33333333	0	10.33333333	0	0	1.666666667	1.666666667	4.333333333	0	0	4.333333333	0	0	0	0	1.666666667	0	1.333333333	3
Cnidaria	0	0	0	0	0	12.66666667	0	12.66666667	0	0	0	0	0	12.66666667	0	12.66666667	0	0	2	2
Cnidaria	0	0	8.666666667	8.666666667	0	0	0	0	0	0	0	0	12	0	0	12	0	0	0	0
Cnidaria	0	0	0	0	0	0	0	0	0	0	0	0	0	0	0	0	0	0	17.33333333	17.33333333
Cnidaria	0	0	1.333333333	1.333333333	0	0	5.666666667	5.666666667	0	0	0	0	0	0	0	0	2.666666667	0	6.666666667	9.333333334
Cnidaria	0	4	0	4	0	0	0	0	0	14	0	14	0	0	0	0	0	0	0	0
Cnidaria	0	23.33333333	17	40.33333333	0	0	0	0	45	71	135.3333333	251.3333333	3	1	0	4	0	0	0	0
Cnidaria	0	3.333333333	0	3.333333333	0	0	0	0	0	0	0	0	0	11.33333333	0	11.33333333	0	0	2	2
Cnidaria	0	0	0	0	0	0	0	0	0	0	0	0	2.666666667	0	0	2.666666667	0	0	11.66666667	11.66666667
Cnidaria	0	0	0	0	0	0	0	0	0	0	0	0	12.66666667	0	0	12.66666667	0	0	1.666666667	1.666666667
Cnidaria	1	7.333333333	10.33333333	18.66666666	12	25	0	37	38	23.33333333	68.33333333	129.6666667	36.33333333	0	0	36.33333333	15	33	29.33333333	77.33333333
Cnidaria	0	0	0	0	0	0	0	0	0	0	0	0	0	0	0	0	0	7	9.666666667	16.66666667
Cnidaria	0	0	5.666666667	5.666666667	0	0	0	0	0	3	0	3	0	0	0	0	0	6.666666667	0	6.666666667
Cnidaria	0	0	4	4	0	2	0	2	12.33333333	0	0	12.33333333	0	0	0	0	0	0	0	0
Cnidaria	0	0	0	0	0	0	0	0	0	4.333333333	0	4.333333333	0	0	0	0	0	13	0	13
Cnidaria	0	0	2	2	3.666666667	0	0	3.666666667	0	0	0	0	3.666666667	0	0	3.666666667	0	0	3	3
Cnidaria	0	0	0	0	0	0	0	0	0	9.333333333	4.666666667	14	0	0	0	0	0	0	0	0
Cnidaria	0	0	3.666666667	3.666666667	0	0	0	0	0	0	0	0	0	0	0	0	0	0	10.66666667	10.66666667
Cnidaria	0	18.66666667	6	24.66666667	32	11.66666667	11	54.66666667	33	36.66666667	30.33333333	100	10.33333333	12.66666667	0	23	31	0	28.66666667	59.66666667
Cnidaria	27.33333333	22.66666667	1	51	0	1	0	1	22.33333333	100	34	156.3333333	0	0	0	0	23.66666667	0	40.33333333	64
Cnidaria	0	0	1.666666667	1.666666667	0	3.333333333	0	3.333333333	0	0	0	0	0	0	0	0	0	10.33333333	0	10.33333333
Cnidaria	0	0	0	0	0	0	0	0	2	0	0	2	0	0	0	0	13.33333333	0	0	13.33333333
Cnidaria	0	0	0	0	5	0	0	5	0	0	6.333333333	6.333333333	0	1.333333333	0	1.333333333	0	0	0	0
Cnidaria	6.333333333	0	0	6.333333333	7.666666667	0	0	7.666666667	0	0	0	0	0	0	0	0	0	0	0	0
Cnidaria	0	0	0	0	13.33333333	0	0	13.33333333	0	0	0	0	0	0	0	0	0	0	0	0
Cnidaria	0	0	4	4	0	0	0	0	0	0	0	0	0	0	0	0	9	5.333333333	0	14.33333333
Cnidaria	0	0	0	0	0	10	0	10	0	0	0	0	0	0	0	0	0	0	1.666666667	1.666666667
Cnidaria	0	0	0	0	0	0	0	0	0	9.666666667	0	9.666666667	0	0	0	0	0	1	0	1
Cnidaria	0	0	3.333333333	3.333333333	0	0	0	0	0	4	3.333333333	7.333333333	0	0	0	0	0	0	0	0
Cnidaria	0	0	0	0	0	0	0	0	0	0	0	0	0	0	0	0	1.666666667	0	9	10.66666667
Cnidaria	0	10	1	11	33	24.33333333	9	66.33333333	15	53	49	117	21	0	0	21	16.33333333	0	6.666666667	23
Cnidaria	0	0	0	0	0	8.333333333	2	10.33333333	0	0	0	0	0	0	0	0	0	0	0	0
Cnidaria	0	0	0	0	0	0	4.333333333	4.333333333	0	0	5.333333333	5.333333333	0	0	0	0	0	0	0	0
Cnidaria	0	0	0	0	0	0	2.333333333	2.333333333	0	0	3	3	0	0	0	0	0	10	5.666666667	15.66666667
Cnidaria	0	0	0	0	0	0	0	0	0	0	0	0	1.333333333	1.333333333	0	2.666666666	6.333333333	0	0	6.333333333
Cnidaria	0	0	0	0	2	3	0	5	1.333333333	0	0	1.333333333	1	0	0	1	0	0	0	0
Cnidaria	0	0	0	0	0	0	0	0	0	3.666666667	6	9.666666667	0	1	0	1	0	0	0	0
Cnidaria	0	0	0	0	0	0	0	0	0	0	0	0	0	0	0	0	10	0	1	11
Cnidaria	0	0	0	0	0	0	3.333333333	3.333333333	0	0	0	0	0	0	0	0	0	10	4.333333333	14.33333333
Cnidaria	0	0	0	0	0	8	0	8	0	0	0	0	0	0	0	0	0	0	1.333333333	1.333333333
Cnidaria	0	0	0	0	0	3.666666667	0	3.666666667	92.33333333	30.66666667	11	134	0	0	0	0	24	0	44.33333333	68.33333333
Cnidaria	2	0	0	2	0	4	0	4	0	0	0	0	0	0	0	0	0	0	0	0
Cnidaria	5.333333333	1.666666667	0	7	0	0	0	0	0	0	0	0	1.333333333	0	0	1.333333333	0	0	0	0
Cnidaria	0	0	0	0	0	0	0	0	0	0	1.333333333	1.333333333	0	0	0	0	0	7.333333333	0	7.333333333
Cnidaria	0	13	23	36	0	0	0	0	0	12.66666667	15.66666667	28.33333334	37	106	0	143	0	0	0	0
Cnidaria	0	0	0	0	1	0	0	1	3.666666667	0	2	5.666666667	0	0	0	0	0	0	0	0
Cnidaria	0	2.666666667	3.666666667	6.333333334	0	0	0	0	0	4	0	4	0	0	0	0	0	0	0	0
Cnidaria	0	0	0	0	0	5	0	5	0	0	0	0	0	0	0	0	0	0	0	0
Cnidaria	0	41.33333333	33.33333333	74.66666666	2	11	3.333333333	16.33333333	2	1.333333333	17	20.33333333	15	0	0	15	34.66666667	0	43.66666667	78.33333334
Cnidaria	20.33333333	35	13.33333333	68.66666666	8.666666667	10.33333333	57.33333333	76.33333333	18.33333333	0	13	31.33333333	0	0	0	0	4	12.66666667	1	17.66666667
Cnidaria	0	0	0	0	0	0	0	0	0	2.333333333	0	2.333333333	0	0	0	0	7	0	0	7
Cnidaria	32	91.66666667	73.66666667	197.3333333	98	137	142.3333333	377.3333333	70	63.33333333	62.33333333	195.6666667	168.3333333	70	0	238.3333333	177	38	179.6666667	394.6666667
Cnidaria	2.333333333	0	1.666666667	4	0	0	1.333333333	1.333333333	0	0	0	0	0	0	0	0	0	0	1	1
Cnidaria	0	0	0	0	0	0	0	0	0	30.33333333	15	45.33333333	96.66666667	25.33333333	6	128	0	2	19	21
Cnidaria	1	7	4	12	9.666666667	31.33333333	25.66666667	66.66666667	28	29.33333333	17.33333333	74.66666666	17.66666667	2.333333333	0	20	14.66666667	5.666666667	2.666666667	23
Cnidaria	0	2.333333333	0	2.333333333	0	0	0	0	0	0	3.666666667	3.666666667	0	0	0	0	0	0	0	0
Cnidaria	0	0	1.333333333	1.333333333	0	0	3	3	0	0	0	0	1.333333333	0	0	1.333333333	0	0	0	0
Cnidaria	0	0	0	0	0	3.666666667	2	5.666666667	0	0	0	0	1.666666667	0	0	1.666666667	0	0	0	0
Cnidaria	0	0	0	0	0	0	0	0	1	0	0	1	4	0	0	4	0	0	0	0
Cnidaria	0	0	0	0	0	2.666666667	14.33333333	17	0	64	0	64	11.33333333	0	0	11.33333333	20.66666667	0	44.33333333	65
Cnidaria	0	0	0	0	0	0	0	0	0	0	0	0	0	0	0	0	1	0	4.333333333	5.333333333
Cnidaria	0	34.66666667	0	34.66666667	0	7.333333333	0	7.333333333	11.66666667	13.33333333	23.66666667	48.66666667	0	0	0	0	15.33333333	39.66666667	5.666666667	60.66666667
Cnidaria	0	0	0	0	0	1.666666667	0	1.666666667	0	0	0	0	0	0	0	0	1.333333333	0	0	1.333333333
Cnidaria	0	18.66666667	51	69.66666667	3.666666667	1.333333333	0	5	0	0	0	0	13	0	1	14	25.33333333	0	6.333333333	31.66666666
Cnidaria	0	0	2.666666667	2.666666667	0	0	0	0	4.666666667	1.333333333	2.333333333	8.333333333	113.6666667	2.666666667	4	120.3333334	0	0	0	0
Cnidaria	0	21.33333333	17.66666667	39	16.66666667	23.66666667	21	61.33333334	0	0	0	0	0	5.333333333	0	5.333333333	4.333333333	0	18	22.33333333
Cnidaria	1	11.66666667	11	23.66666667	12	19.66666667	3.666666667	35.33333334	10.66666667	30.66666667	6.333333333	47.66666667	1.666666667	5	0	6.666666667	6	2.666666667	8.666666667	17.33333333
Cnidaria	1	29.33333333	87	117.3333333	0	0	0	0	0	0	0	0	0	0	0	0	0	4.666666667	0	4.666666667
Cnidaria	0	39.66666667	10.33333333	50	0	16	11.66666667	27.66666667	2	1.666666667	15.66666667	19.33333334	0	6.333333333	0	6.333333333	26.33333333	0	7.333333333	33.66666666
Cnidaria	0	5.333333333	0	5.333333333	0	2	2	4	11.66666667	0	0	11.66666667	0	0	0	0	62.33333333	12.66666667	16.66666667	91.66666667
Cnidaria	0	1.666666667	9.666666667	11.33333333	0	12	0	12	4	51	17	72	6	0	0	6	4.333333333	0	12	16.33333333
Cnidaria	0	0	7.666666667	7.666666667	0	15	17.33333333	32.33333333	8	18	28.66666667	54.66666667	3	0	0	3	0	5.333333333	11	16.33333333
Cnidaria	0	1	0	1	3	20.66666667	11	34.66666667	34	7	18.66666667	59.66666667	0	0	0	0	2.666666667	0	3.666666667	6.333333334
Cnidaria	0	0	0	0	2	0	0	2	58	25.66666667	10.33333333	94	0	0	0	0	2.333333333	0	14	16.33333333
Cnidaria	0	1	1.666666667	2.666666667	10	0	4	14	53	3	17.66666667	73.66666667	0	0	0	0	9.666666667	0	8	17.66666667
Cnidaria	13.66666667	35.33333333	3.666666667	52.66666667	12.66666667	13.66666667	13	39.33333334	0	0	4.666666667	4.666666667	0	1	0	1	12.66666667	0	0	12.66666667
Cnidaria	132.6666667	367.3333333	104.3333333	604.3333333	236	281.6666667	152.6666667	670.3333334	342	304	338	984	204.3333333	184.3333333	0	388.6666666	528	495.3333333	300	1323.333333
Cnidaria	0	7	6.666666667	13.66666667	5	20	0	25	0	4.333333333	3	7.333333333	16	10	0	26	13.66666667	0	19.66666667	33.33333334
Cnidaria	0	0	2.666666667	2.666666667	0	0	0	0	0	0	0	0	41	24.33333333	23.33333333	88.66666666	0	1	4.666666667	5.666666667
Cnidaria	28.66666667	32.33333333	61	122	65.66666667	70.33333333	32.33333333	168.3333333	44	83.33333333	62	189.3333333	155.3333333	1.666666667	55.66666667	212.6666666	49.66666667	42.33333333	60	152
Cnidaria	78.66666667	27.33333333	0	106	28.33333333	12	60	100.3333333	151.6666667	159.3333333	169	480	26.33333333	60.33333333	0	86.66666666	32	103.6666667	73.66666667	209.3333334
Cnidaria	0	0	0	0	13	32.66666667	11	56.66666667	0	0	0	0	0	0	0	0	27	0	0	27
Cnidaria	0	82.66666667	0	82.66666667	0	0	0	0	0	0	0	0	0	0	0	0	0	0	0	0
Cnidaria	0	0	1	1	10.66666667	0	0	10.66666667	15.66666667	7	0	22.66666667	0	0	0	0	12.33333333	12.33333333	25.66666667	50.33333333
Cnidaria	0	9.333333333	0	9.333333333	0	9.666666667	3	12.66666667	0	6.333333333	24.66666667	31	11.33333333	0	0	11.33333333	27.33333333	0	0	27.33333333
Cnidaria	0	0	9	9	19.66666667	19	0	38.66666667	0	0	0	0	0	0	0	0	27	0	0	27
Cnidaria	0	16.33333333	7.333333333	23.66666666	0	11	0	11	0	0	0	0	9.666666667	26.33333333	0	36	8	0	0	8
Cnidaria	20.66666667	1.333333333	22	44	0	0	0	0	0	0	0	0	10.33333333	9	0	19.33333333	0	15.33333333	0	15.33333333
Cnidaria	0	3	0	3	0	6.333333333	0	6.333333333	0	35.66666667	20	55.66666667	0	0	0	0	13	0	3.666666667	16.66666667
Cnidaria	0	51.33333333	15.66666667	67	0	0	0	0	0	21	0	21	1	0	0	1	0	3	0	3
Cnidaria	7	20	35	62	42	38.33333333	24.66666667	105	96.33333333	135	109.3333333	340.6666666	80.33333333	56	0	136.3333333	58	0	50.66666667	108.6666667
Cnidaria	0	8.333333333	7.333333333	15.66666667	19.33333333	15.33333333	0	34.66666666	2.333333333	0	0	2.333333333	1.333333333	0	0	1.333333333	30	39.66666667	32	101.6666667
Cnidaria	0	0	0	0	0	0	0	0	13.66666667	10	0	23.66666667	0	0	0	0	28	0	19.66666667	47.66666667
Cnidaria	0	1	0	1	0	0	33	33	0	0	0	0	7	27	0	34	0	0	0	0
Cnidaria	0	0	17	17	0	0	0	0	0	48.33333333	23.33333333	71.66666666	0	0	0	0	0	0	0	0
Cnidaria	0	0	0	0	0	14.33333333	31.66666667	46	0	16	0	16	0	0	0	0	0	0	13.33333333	13.33333333
Cnidaria	0	0	0	0	2.333333333	0	7	9.333333333	4	32.66666667	21.33333333	58	0	0	0	0	3.333333333	0	0	3.333333333
Cnidaria	0	0	0	0	0	0	0	0	0	41.33333333	29	70.33333333	0	0	0	0	0	0	0	0
Cnidaria	0	0	12	12	0	0	2.666666667	2.666666667	11	0	3.333333333	14.33333333	43.66666667	0	0	43.66666667	0	0	0	0
Cnidaria	0	0	13	13	0	0	0	0	0	0	0	0	0	0	0	0	44.66666667	0	13	57.66666667
Cnidaria	0	1	0	1	0	39.33333333	1.666666667	41	0	2.333333333	0	2.333333333	0	5	0	5	9	0	0	9
Cnidaria	0	22.33333333	0	22.33333333	0	11	5.333333333	16.33333333	18.66666667	30.66666667	16	65.33333334	4.666666667	0	0	4.666666667	2.666666667	0	22.66666667	25.33333334
Cnidaria	0	5	16.33333333	21.33333333	4.333333333	12.66666667	1.666666667	18.66666667	0	0	0	0	5.666666667	3.333333333	0	9	14	0	0	14
Cnidaria	0	0	0	0	0	0	0	0	12.33333333	0	17.66666667	30	0	0	0	0	26.33333333	0	0	26.33333333
Cnidaria	0	13.66666667	0	13.66666667	0	0	0	0	12.33333333	5.666666667	0	18	0	0	0	0	12	0	8.333333333	20.33333333
Cnidaria	0	3.666666667	0	3.666666667	6.333333333	13	0	19.33333333	0	6.666666667	0	6.666666667	0	0	0	0	24.33333333	0	0	24.33333333
Cnidaria	0	0	0	0	0	0	0	0	8	0	0	8	0	0	0	0	20.66666667	0	17.66666667	38.33333334
Cnidaria	0	0	0	0	0	0	0	0	12.33333333	22	22.33333333	56.66666666	0	0	0	0	0	0	0	0
Cnidaria	0	0	1.333333333	1.333333333	0	9.666666667	0	9.666666667	0	7	29.66666667	36.66666667	0	0	0	0	0	0	3.666666667	3.666666667
Cnidaria	0	0	11.33333333	11.33333333	0	6.666666667	0	6.666666667	0	15.66666667	1.666666667	17.33333334	0	0	0	0	12.66666667	0	0	12.66666667
Cnidaria	0	0	0	0	0	0	0	0	0	1.333333333	0	1.333333333	9.333333333	36.33333333	0	45.66666666	0	0	0	0
Cnidaria	26	0	5.666666667	31.66666667	0	0	7.333333333	7.333333333	0	0	0	0	0	0	0	0	6.333333333	0	0	6.333333333
Cnidaria	0	16	11.33333333	27.33333333	0	2	0	2	0	20	0	20	0	0	0	0	0	0	0	0
Cnidaria	0	0	0	0	0	0	2.666666667	2.666666667	0	12	20.66666667	32.66666667	7.333333333	0	0	7.333333333	0	0	2	2
Cnidaria	0	0	0	0	0	0	0	0	0	0	0	0	0	0	0	0	44.33333333	0	0	44.33333333
Cnidaria	0	0	10.66666667	10.66666667	5	10	3.666666667	18.66666667	0	0	0	0	0	0	3.333333333	3.333333333	5.666666667	2.666666667	0	8.333333334
Cnidaria	0	0	0	0	0	7	4.333333333	11.33333333	2.666666667	2	16.66666667	21.33333334	0	0	0	0	1	0	0	1
Cnidaria	0	0	0	0	9	8	0	17	0	0	0	0	0	0	0	0	14	5.333333333	5	24.33333333
Cnidaria	12.33333333	0	2	14.33333333	0	0	0	0	0	0	20.33333333	20.33333333	0	0	0	0	0	0	0	0
Cnidaria	0	0	0	0	0	0	1.333333333	1.333333333	0	0	0	0	0	0	0	0	34.33333333	0	0	34.33333333
Cnidaria	0	0	6.333333333	6.333333333	0	0	0	0	0	0	32.66666667	32.66666667	0	0	0	0	0	0	8	8
Cnidaria	0	0	0	0	0	0	0	0	0	25	0	25	0	0	0	0	5.666666667	0	3.333333333	9
Cnidaria	46.66666667	52.66666667	60.66666667	160	46	30.66666667	84.66666667	161.3333333	1.666666667	9.333333333	0	11	39	1.666666667	0	40.66666667	24	58.66666667	15.33333333	98
Cnidaria	0	0	0	0	0	0	0	0	11.66666667	16	2	29.66666667	0	0	0	0	0	0	10	10
Cnidaria	4.666666667	0	1	5.666666667	10.66666667	4.333333333	0	15	2.666666667	5.333333333	1	9	0	0	0	0	1	0	8.333333333	9.333333333
Cnidaria	0	0	0	0	0	3	0	3	0	0	37	37	0	0	0	0	0	0	0	0
Cnidaria	0	2.333333333	0	2.333333333	0	0	0	0	0	0	12.33333333	12.33333333	8.666666667	0	0	8.666666667	5	0	6.333333333	11.33333333
Cnidaria	0	3.333333333	0	3.333333333	0	0	0	0	0	0	0	0	36.33333333	0	0	36.33333333	0	0	0	0
Cnidaria	4.666666667	0	13	17.66666667	0	3	0	3	4	0	12	16	0	0	0	0	0	0	0	0
Cnidaria	0	2.333333333	10.66666667	13	0	11	0	11	0	0	0	0	0	0	0	0	0	0	6.666666667	6.666666667
Cnidaria	0	0	7.333333333	7.333333333	0	33.66666667	0	33.66666667	0	0	0	0	0	0	0	0	0	0	0	0
Cnidaria	12	18	35.66666667	65.66666667	47.33333333	69.66666667	103.6666667	220.6666667	0	23	60.66666667	83.66666667	14	28.66666667	16.66666667	59.33333334	0	8.666666667	19.33333333	28
Cnidaria	0	2.666666667	1	3.666666667	0	0	0	0	0	0	0	0	0	0	0	0	25.66666667	0	2.666666667	28.33333334
Cnidaria	0	0	0	0	0	0	0	0	0	0	27.33333333	27.33333333	0	0	0	0	0	0	6.333333333	6.333333333
Cnidaria	0	0	0	0	0	6	0	6	0	0	0	0	0	21.66666667	0	21.66666667	0	0	0	0
Cnidaria	0	0	0	0	0	0	0	0	0	0	22.66666667	22.66666667	0	0	0	0	0	0	7	7
Cnidaria	0	0	17	17	0	0	0	0	0	15.66666667	0	15.66666667	0	0	0	0	0	0	0	0
Cnidaria	0	33	123.3333333	156.3333333	14.66666667	24	0	38.66666667	28.66666667	0	0	28.66666667	1.666666667	42	0	43.66666667	84.33333333	0	89.66666667	174
Cnidaria	0	0	3	3	0	7	6.333333333	13.33333333	0	0	0	0	0	0	0	0	14.33333333	0	0	14.33333333
Cnidaria	0	0	18.33333333	18.33333333	0	0	0	0	0	0	0	0	0	0	0	0	9.333333333	0	0	9.333333333
Gastrotricha	0	28.66666667	42.33333333	71	2.333333333	70.33333333	0	72.66666666	0	0	0	0	0	0	0	0	20	121.3333333	6.666666667	148
Gastrotricha	0	0	0	0	0	19.33333333	0	19.33333333	1	0	0	1	0	0	0	0	2.333333333	0	2	4.333333333
Gastrotricha	0	0	3.333333333	3.333333333	0	0	0	0	0	0	14	14	0	0	0	0	0	0	0	0
Gastrotricha	0	0	17	17	0	0	0	0	0	0	0	0	0	0	0	0	8	3	0	11
Gastrotricha	0	2	0	2	0	0	0	0	0	4.333333333	1	5.333333333	0	0	0	0	0	0	0	0
Gastrotricha	0	0	0	0	0	6.666666667	0	6.666666667	0	0	0	0	0	0	0	0	3.333333333	0	0	3.333333333
Gastrotricha	0	12.33333333	0	12.33333333	0	0	2	2	27	12.66666667	104	143.6666667	1.666666667	0	0	1.666666667	12	0	7.666666667	19.66666667
Gastrotricha	0	0	0	0	0	0	0	0	0	0	79.33333333	79.33333333	0	0	0	0	0	0	0	0
Gastrotricha	0	6	0	6	2.666666667	0	0	2.666666667	14.33333333	0	38.66666667	53	0	0	0	0	0	0	0	0
Kinorhyncha	0	0	0	0	27.66666667	0	0	27.66666667	0	0	0	0	0	0	0	0	0	0	0	0
Kinorhyncha	0	0	0	0	0	0	0	0	0	0	0	0	0	21	0	21	0	0	0	0
Kinorhyncha	0	0	16.33333333	16.33333333	0	0	0	0	0	0	0	0	0	0	0	0	0	0	0	0
Kinorhyncha	0	0	0	0	0	1	0	1	0	0	0	0	0	0	0	0	0	0	258	258
Kinorhyncha	0	0	0	0	0	10.66666667	0	10.66666667	0	0	0	0	0	0	0	0	0	0	0	0
Kinorhyncha	0	0	0	0	0	0	181	181	0	0	0	0	0	0	0	0	0	0	0	0
Kinorhyncha	0	0	0	0	33	0	0	33	0	0	0	0	0	0	0	0	0	0	0	0
Kinorhyncha	0	0	0	0	0	0	0	0	0	0	0	0	0	0	0	0	33.66666667	0	0	33.66666667
Mollusca	642.6666667	0	0	642.6666667	0	0	0	0	0	0	0	0	0	0	0	0	1832	215.6666667	0	2047.666667
Mollusca	0	0	0	0	0	2	0	2	2.333333333	16	7.666666667	26	0	0	0	0	16.33333333	0	0	16.33333333
Mollusca	0	0	0	0	0	0	9	9	0	0	0	0	13.66666667	0	0	13.66666667	0	0	1.666666667	1.666666667
Mollusca	0	0	0	0	0	403	0	403	0	0	0	0	0	0	0	0	0	0	0	0
Mollusca	0	21	8	29	34.33333333	17.33333333	13.66666667	65.33333333	102.3333333	61.66666667	32.66666667	196.6666666	17.33333333	0	0	17.33333333	48	5.666666667	37.33333333	91
Mollusca	0	1	0	1	0	0	0	0	0	24.33333333	0	24.33333333	0	0	0	0	0	0	0	0
Mollusca	0	0	0	0	0	22.66666667	0	22.66666667	0	0	0	0	0	0	0	0	1.666666667	0	0	1.666666667
Mollusca	0	0	20	20	0	0	0	0	0	0	0	0	0	0	0	0	0	0	0	0
Mollusca	2.666666667	8.333333333	0	11	0	0	0	0	0	0	0	0	0	0	0	0	9.666666667	0	0	9.666666667
Mollusca	0	0	0	0	0	0	0	0	14	8.666666667	0	22.66666667	0	0	0	0	0	0	0	0
Mollusca	0	8325.333333	0	8325.333333	0	0	0	0	0	0	0	0	0	0	0	0	0	0	0	0
Mollusca	0	0	2.666666667	2.666666667	0	0	0	0	0	0	0	0	1.666666667	0	0	1.666666667	5.666666667	0	7	12.66666667
Mollusca	15.33333333	0	2	17.33333333	0	0	0	0	0	0	0	0	0	0	0	0	0	0	0	0
Mollusca	0	23.33333333	38.66666667	62	3.666666667	38.66666667	55.66666667	98.00000001	0	1.666666667	12	13.66666667	63.33333333	0	0	63.33333333	29.33333333	2	10.66666667	42
Mollusca	0	0	0	0	0	1.333333333	0	1.333333333	0	0	0	0	16	0	0	16	0	0	0	0
Mollusca	0	0	0	0	0	0	0	0	0	0	14	14	0	0	0	0	0	0	0	0
Mollusca	1661.333333	0	0	1661.333333	0	0	0	0	0	0	0	0	0	0	0	0	0	0	0	0
Mollusca	0	22.66666667	5.333333333	28	1	0	0	1	3	108.3333333	70	181.3333333	0	0	0	0	116.3333333	8.666666667	14.33333333	139.3333333
Mollusca	22.66666667	55	23.66666667	101.3333333	14.66666667	90.33333333	17.33333333	122.3333333	48.66666667	286.6666667	268.6666667	604.0000001	3.333333333	180.6666667	0	184	109.3333333	0	130.3333333	239.6666666
Mollusca	0	0	1.666666667	1.666666667	0	4.666666667	0	4.666666667	0	0	0	0	0	0	0	0	0	0	0	0
Mollusca	0	0	0	0	1180.333333	0	0	1180.333333	0	0	0	0	0	0	0	0	0	0	0	0
Mollusca	0	0	0	0	0	0	68.33333333	68.33333333	0	0	0	0	0	0	0	0	0	0	1147.666667	1147.666667
Mollusca	0	0	0	0	0	0	0	0	55	53	23.33333333	131.3333333	0	0	0	0	0	0	0	0
Mollusca	0	2.666666667	1.333333333	4	0	0	5	5	16.66666667	20	39.66666667	76.33333334	11.66666667	11	0	22.66666667	0	0	0	0
Mollusca	0	0	0	0	0	0	0	0	0	0	0	0	0	915.3333333	0	915.3333333	0	0	0	0
Mollusca	0	10.33333333	20.66666667	31	0	13.33333333	4	17.33333333	0	0	7	7	0	0	0	0	19.66666667	22.66666667	2.666666667	45.00000001
Mollusca	0	0	0	0	0	0	3786.333333	3786.333333	0	0	0	0	0	0	0	0	0	0	0	0
Mollusca	0	0	0	0	84	0	0	84	0	0	0	0	0	0	0	0	0	0	0	0
Mollusca	0	0	0	0	17.66666667	0	0	17.66666667	0	3.333333333	0	3.333333333	0	0	0	0	8	0	55.33333333	63.33333333
Mollusca	1	0	265.3333333	266.3333333	0	0	0	0	0	0	0	0	0	0	0	0	573.3333333	0	0	573.3333333
Mollusca	0	0	0	0	0	0	0	0	0	0	0	0	0	4	0	4	652.3333333	0	0	652.3333333
Mollusca	0	0	0	0	16.66666667	0	25.66666667	42.33333334	0	2	0	2	4.333333333	0	0	4.333333333	2.666666667	0	0	2.666666667
Mollusca	0	0	244	244	0	0	2884	2884	0	0	0	0	0	0	0	0	0	0	0	0
Mollusca	0	1.333333333	23.66666667	25	0	0	0	0	0	0	0	0	0	0	0	0	6.666666667	0	11.33333333	18
Mollusca	0	0	0	0	0	0	0	0	0	21.66666667	18.33333333	40	0	0	0	0	0	0	0	0
Mollusca	0	2.666666667	6.666666667	9.333333334	0	17.66666667	1.666666667	19.33333334	3.333333333	1.333333333	0	4.666666666	0	0	0	0	0	1.666666667	0	1.666666667
Mollusca	0	18	0	18	0	0	0	0	0	0	0	0	0	0	0	0	0	0	13	13
Mollusca	0	0	0	0	0	21	0	21	0	16.33333333	0	16.33333333	0	0	0	0	0	0	1.333333333	1.333333333
Mollusca	0	0	7.666666667	7.666666667	0	25	0	25	0	0	0	0	0	0	0	0	0	0	0	0
Nematoda	0	0	459.6666667	459.6666667	0	0	0	0	1.333333333	0	0	1.333333333	0	0	0	0	0	0	0	0
Nematoda	0	8.333333333	0	8.333333333	83	681.6666667	9.666666667	774.3333334	0	1.333333333	0	1.333333333	0	0	0	0	0	0	159.6666667	159.6666667
Nematoda	0	0	0	0	0	0	0	0	0	0	0	0	0	0	0	0	0	0	446.6666667	446.6666667
Nematoda	0	0	0	0	0	0	0	0	0	0	1	1	0	0	0	0	0	0	412	412
Nematoda	0	0	0	0	0	0	0	0	0	0	2260.333333	2260.333333	0	0	0	0	0	0	5.666666667	5.666666667
Nematoda	0	0	0	0	0	0	0	0	0	0	0	0	0	0	0	0	1714.333333	0	0	1714.333333
Nematoda	0	0	0	0	0	0	0	0	0	0	0	0	12	0	0	12	0	0	0	0
Nematoda	0	0	0	0	0	0	0	0	0	0	3.333333333	3.333333333	0	0	0	0	1.666666667	0	320	321.6666667
Nematoda	0	312	0	312	0	0	0	0	0	0	0	0	0	0	0	0	0	0	0	0
Nematoda	1244.333333	0	0	1244.333333	0	0	729.3333333	729.3333333	0	0	0	0	0	0	0	0	132	0	0	132
Nematoda	0	0	0	0	0	0	12	12	0	0	0	0	0	0	0	0	142	0	0	142
Nematoda	0	0	0	0	0	0	0	0	0	0	0	0	0	0	0	0	142.3333333	0	0	142.3333333
Nematoda	0	111.3333333	0	111.3333333	0	0	12.66666667	12.66666667	0	0	0	0	0	0	0	0	0	0	0	0
Nematoda	0	0	0	0	0	0	54.66666667	54.66666667	0	0	0	0	0	0	0	0	0	68.66666667	0	68.66666667
Nematoda	0	0	0	0	156.3333333	0	0	156.3333333	0	66.33333333	0	66.33333333	0	0	0	0	0	0	0	0
Nematoda	0	1101	0	1101	0	81.33333333	0	81.33333333	0	139.6666667	0	139.6666667	0	0	0	0	20.66666667	0	62	82.66666667
Nematoda	0	0	0	0	124.3333333	0	0	124.3333333	0	0	0	0	0	0	0	0	0	0	0	0
Nematoda	0	0	0	0	0	0	0	0	0	0	0	0	891.6666667	0	0	891.6666667	0	0	0	0
Nematoda	0	0	1218.333333	1218.333333	0	0	0	0	0	0	0	0	0	0	0	0	0	0	0	0
Nematoda	0	0	2254	2254	0	0	0	0	0	0	0	0	0	0	0	0	0	0	0	0
Nematoda	408.3333333	0	0	408.3333333	0	0	366.6666667	366.6666667	0	0	0	0	0	0	0	0	137	0	0	137
Nematoda	0	0	1	1	0	872.3333333	1053.333333	1925.666666	0	0	0	0	0	0	0	0	0	0	0	0
Nematoda	1	0	0	1	0	0	0	0	0	0	0	0	0	0	0	0	64.33333333	0	0	64.33333333
Nematoda	0	0	0	0	0	0	1690.333333	1690.333333	0	0	0	0	0	0	0	0	0	0	0	0
Nematoda	0	0	0	0	0	0	0	0	0	0	0	0	0	0	0	0	804.3333333	0	4.333333333	808.6666666
Nematoda	0	0	1	1	0	0	0	0	0	0	717.3333333	717.3333333	0	0	0	0	0	0	0	0
Nematoda	0	0	0	0	0	1.333333333	0	1.333333333	672.3333333	0	0	672.3333333	0	0	0	0	0	0	0	0
Nemertea	0	0	0	0	23048.66667	0	0	23048.66667	0	0	0	0	0	0	0	0	0	0	0	0
Nemertea	69.66666667	0	0	69.66666667	0	0	0	0	0	0	0	0	0	0	0	0	0	0	0	0
Placozoa	0	0	0	0	0	0	0	0	0	0	0	0	0	0	0	0	10	0	20.33333333	30.33333333
Placozoa	0	1	2	3	1.666666667	7.666666667	1.333333333	10.66666667	2.333333333	3	0	5.333333333	8.666666667	3.333333333	1.666666667	13.66666667	6.333333333	2	6.666666667	15
Placozoa	0	13.66666667	0	13.66666667	0	0	0	0	0	0	0	0	0	10	0	10	0	0	0	0
Placozoa	2.333333333	20.33333333	5.333333333	28	18.66666667	14.66666667	4.333333333	37.66666667	57	91.33333333	40.33333333	188.6666667	12	71	0	83	33	6.666666667	21	60.66666667
Placozoa	0	0	0	0	0	0	0	0	0	0	0	0	15.33333333	0	0	15.33333333	4	0	0	4
Placozoa	15.66666667	9	28.33333333	53	0	0	0	0	0	5.666666667	0	5.666666667	30	180.3333333	0	210.3333333	5.333333333	0	8.666666667	14
Placozoa	0	15	1.333333333	16.33333333	0	0	0	0	1	0	0	1	0	0	0	0	0	0	0	0
Placozoa	0	5	0	5	0	1.333333333	6.333333333	7.666666666	0	0	3.666666667	3.666666667	0	0	0	0	0	0	0	0
Placozoa	24.33333333	2.666666667	23.66666667	50.66666667	8.666666667	14.66666667	8	31.33333334	12.66666667	29.66666667	0	42.33333334	13	1.333333333	0	14.33333333	2	76.33333333	43.33333333	121.6666667
Placozoa	0	0	0	0	0	0	1.333333333	1.333333333	7.666666667	0	3.666666667	11.33333333	0	0	0	0	0	0	0	0
Placozoa	0	0	0	0	0	0	0	0	0	0	0	0	13	0	0	13	3.333333333	0	0	3.333333333
Placozoa	0	0	0	0	8.666666667	1	0	9.666666667	0	0	0	0	0	0	0	0	0	0	0	0
Placozoa	0	0	0	0	0	0	0	0	1.333333333	1.666666667	2.666666667	5.666666667	0	0	0	0	0	0	0	0
Placozoa	0	1.333333333	0	1.333333333	0	0	0	0	0	0	1.666666667	1.666666667	1.666666667	0	0	1.666666667	0	0	0	0
Placozoa	2	1	0	3	8.333333333	30.66666667	33	72	0	5	13.33333333	18.33333333	0	0	0	0	1.333333333	17.66666667	23.66666667	42.66666667
Placozoa	23.66666667	0	8.333333333	32	10	5.333333333	13	28.33333333	2.666666667	2	28.33333333	33	0	0	0	0	5.666666667	26.33333333	5.666666667	37.66666666
Placozoa	0	26	6.333333333	32.33333333	7.666666667	12	0	19.66666667	3.666666667	0	13	16.66666667	0	0	0	0	22.33333333	0	24.66666667	47
Placozoa	0	0	7	7	24.66666667	0	15.66666667	40.33333334	1	0	0	1	0	21.33333333	0	21.33333333	12.66666667	0	5	17.66666667
Placozoa	0	10.33333333	3.333333333	13.66666666	0	4.333333333	0	4.333333333	0	31.33333333	14.33333333	45.66666666	0	0	0	0	0	0	18.66666667	18.66666667
Placozoa	11.33333333	1	4.666666667	17	2.333333333	0	0	2.333333333	0	0	0	0	51	3.666666667	0	54.66666667	2.333333333	0	0	2.333333333
Placozoa	0	0	0	0	0	5	0	5	5.666666667	0	16.33333333	22	0	16.33333333	0	16.33333333	9.333333333	0	1.666666667	11
Placozoa	0	13	0	13	2.333333333	3	3	8.333333333	0	2	0	2	0	0	0	0	2	17.66666667	8.666666667	28.33333334
Placozoa	0	0	0	0	57.66666667	0	0	57.66666667	0	0	0	0	0	0	0	0	0	0	0	0
Placozoa	0	0	7	7	0	0	0	0	0	2.333333333	0	2.333333333	0	51.66666667	0	51.66666667	0	0	0	0
Placozoa	0	0	0	0	9	14.66666667	8	31.66666667	2	6	0	8	0	0	0	0	4	0	0	4
Placozoa	0	0	0	0	0	0	0	0	0	0	0	0	0	0	0	0	7	4	28.66666667	39.66666667
Placozoa	0	63	77.66666667	140.6666667	10.33333333	81.33333333	2	93.66666666	6.666666667	54	68.66666667	129.3333333	58	0	0	58	17.66666667	0	37.66666667	55.33333334
Placozoa	0	0	1	1	0	11.66666667	0	11.66666667	0	0	0	0	0	0	0	0	2.333333333	6.333333333	9.666666667	18.33333333
Porifera	6.333333333	0	0	6.333333333	0	7.666666667	3.666666667	11.33333333	0	0	0	0	0	9.333333333	0	9.333333333	0	0	0	0
Porifera	0	63	25.66666667	88.66666667	2.333333333	6.666666667	0	9	69.66666667	15.66666667	128.6666667	214	1	0	0	1	6.333333333	0	77.66666667	84
Porifera	0	0	0	0	0	0	0	0	0	0	0	0	0	0	0	0	10	7	9.333333333	26.33333333
Porifera	0	0	0	0	0	0	0	0	0	0	0	0	23	0	0	23	0	0	0	0
Porifera	0	0	1.333333333	1.333333333	0	0	0	0	0	3	16.66666667	19.66666667	0	0	0	0	0	0	0	0
Porifera	0	0	0	0	0	0	0	0	21.66666667	3	4.666666667	29.33333334	0	0	0	0	0	0	0	0
Porifera	0	0	4.666666667	4.666666667	0	0	0	0	18.33333333	2.666666667	10.66666667	31.66666667	0	0	0	0	3	0	0	3
Porifera	12	6.666666667	0	18.66666667	0	0	0	0	0	0	0	0	0	0	0	0	0	0	0	0
Porifera	0	0	0	0	5.666666667	7	64.66666667	77.33333334	0	4.333333333	103.3333333	107.6666666	42	0	0	42	24.33333333	76.33333333	3	103.6666667
Porifera	0	0	0	0	0	4	0	4	0	1	0	1	0	2.666666667	0	2.666666667	5.333333333	0	8.666666667	14
Porifera	0	20	0	20	0	0	0	0	0	0	0	0	0	0	0	0	0	0	0	0
Porifera	2.333333333	0	1.333333333	3.666666666	0	0	0	0	0	0	0	0	2.333333333	0	0	2.333333333	10.66666667	0	1	11.66666667
Porifera	0	0	0	0	0	0	0	0	6.666666667	1.333333333	7.666666667	15.66666667	0	0	0	0	0	0	0	0
Porifera	0	0	0	0	0	0	0	0	3.333333333	7	0	10.33333333	0	0	0	0	8.333333333	0	0	8.333333333
Porifera	0	0	0	0	0	0	0	0	0	0	0	0	0	9	0	9	0	0	7	7
Porifera	0	0	0	0	0	0	0	0	1	12.66666667	0	13.66666667	1.666666667	0	0	1.666666667	0	0	0	0
Porifera	1.333333333	0	7.333333333	8.666666666	0	0	0	0	0	0	0	0	2	3.333333333	0	5.333333333	0	0	0	0
Porifera	0	6	0	6	4.666666667	4.666666667	0	9.333333334	0	1	0	1	0	0	0	0	0	0	0	0
Porifera	0	0	0	0	0	0	0	0	0	0	0	0	0	0	0	0	13.33333333	0	1.333333333	14.66666666
Porifera	0	0	10	10	0	0	0	0	0	0	4.333333333	4.333333333	0	0	0	0	0	0	0	0
Porifera	0	3	0	3	3.666666667	0	0	3.666666667	0	0	0	0	0	0	0	0	12.66666667	0	0	12.66666667
Porifera	0	0	0	0	1	1.666666667	5.333333333	8	0	5.333333333	0	5.333333333	0	0	0	0	0	2.666666667	0	2.666666667
Porifera	0	0	0	0	0	0	0	0	0	0	0	0	4.333333333	21.66666667	0	26	0	0	0	0
Porifera	0	0	0	0	0	0	0	0	0	0	14.33333333	14.33333333	0	0	0	0	0	0	0	0
Porifera	0	240	372.3333333	612.3333333	73.66666667	75.66666667	72.66666667	222	191.3333333	255.3333333	290	736.6666666	0	10.66666667	0	10.66666667	131.6666667	0	129	260.6666667
Porifera	0	0	0	0	0	5.666666667	0	5.666666667	7.666666667	0	0	7.666666667	0	0	0	0	0	0	0	0
Porifera	0	0	0	0	0	0	0	0	0	20.66666667	0	20.66666667	0	0	0	0	0	0	0	0
Porifera	0	0	2.333333333	2.333333333	1	7	0	8	0	0	0	0	1	2.333333333	0	3.333333333	0	0	0	0
Porifera	0	0	0	0	0	0	4.666666667	4.666666667	0	0	0	0	0	0	0	0	0	0	6	6
Porifera	0	0	0	0	0	0	2.333333333	2.333333333	0	2	0	2	0	0	0	0	4.333333333	2	0	6.333333333
Porifera	0	7.666666667	0	7.666666667	0	6	0	6	0	0	0	0	0	0	0	0	0	0	0	0
Porifera	0	8	16.66666667	24.66666667	4.666666667	8.333333333	0	13	7.333333333	8.333333333	79.66666667	95.33333334	4	8	0	12	41	0	47	88
Porifera	0	0	12.66666667	12.66666667	0	0	0	0	0	0	3	3	0	0	0	0	0	0	0	0
Porifera	0	0	0	0	0	0	0	0	3.666666667	5	0	8.666666667	0	0	0	0	0	0	0	0
Porifera	0	0	0	0	0	0	0	0	0	0	0	0	0	0	0	0	0	0	10	10
Porifera	0	0	0	0	0	0	0	0	7	0	0	7	0	0	0	0	1	0	0	1
Porifera	0	0	0	0	0	3.666666667	0	3.666666667	0	2.666666667	0	2.666666667	0	0	0	0	0	0	0	0
Porifera	10	13.33333333	86	109.3333333	0	24	17.33333333	41.33333333	0	0	39.33333333	39.33333333	0	0	0	0	0	0	0	0
Porifera	0	0	0	0	0	0	0	0	0	0	0	0	0	0	0	0	0	0	167.6666667	167.6666667
Porifera	0	0	0	0	0	0	0	0	0	0	0	0	0	0	0	0	2.666666667	0	6.666666667	9.333333334
Porifera	0	0	0	0	0	0	0	0	0	1	0	1	1.666666667	0	0	1.666666667	2	0	0	2
Porifera	0	0	0	0	0	0	0	0	0	0	3	3	0	0	0	0	0	0	1	1
Porifera	0	0	0	0	0	0	0	0	1	0	0	1	0	0	0	0	2.333333333	0	2	4.333333333
Porifera	7.666666667	0	0	7.666666667	0	0	0	0	0	0	0	0	0	0	0	0	0	0	0	0
Porifera	0	2	2	4	5	54.33333333	25.66666667	85	4.666666667	16	8.666666667	29.33333333	11.33333333	0	0	11.33333333	4.666666667	10	0	14.66666667
Porifera	0	0	0	0	0	0	0	0	3.666666667	1	0	4.666666667	0	0	0	0	0	0	0	0
Porifera	0	43.66666667	0	43.66666667	0	0	0	0	0	0	0	0	14.33333333	62.66666667	0	77	0	0	0	0
Porifera	0	9.333333333	18	27.33333333	0	0	0	0	64.66666667	17	0	81.66666667	0	0	0	0	0	0	0	0
Porifera	0	0	0	0	0	3.333333333	5	8.333333333	22.33333333	23.33333333	46.66666667	92.33333333	0	0	0	0	3.666666667	0	16.66666667	20.33333334
Porifera	0	72.66666667	117	189.6666667	11	38	31.66666667	80.66666667	54.33333333	27	150	231.3333333	84.33333333	14	0	98.33333333	117.3333333	230.6666667	82	430
Porifera	0	0	0	0	0	3.333333333	0	3.333333333	0	73.66666667	2.666666667	76.33333334	4	0	0	4	0	0	2	2
Porifera	0	5.666666667	43	48.66666667	0	0	0	0	0	2.333333333	0	2.333333333	29.33333333	0	0	29.33333333	0	0	0	0
Porifera	0	3.333333333	32	35.33333333	1.333333333	12	43.33333333	56.66666666	13.33333333	17	13.33333333	43.66666666	0	3	0	3	0	0	8.333333333	8.333333333
Porifera	0	0	15	15	3.333333333	13.33333333	4.666666667	21.33333333	2.333333333	8.333333333	1	11.66666667	0	0	0	0	28.66666667	0	0	28.66666667
Porifera	0	4.333333333	28.33333333	32.66666666	4	19.66666667	11.66666667	35.33333334	0	0	9	9	3.333333333	0	0	3.333333333	0	0	0	0
Porifera	0	29.33333333	7.666666667	37	0	11.33333333	0	11.33333333	0	10.33333333	24.33333333	34.66666666	0	0	0	0	0	0	0	0
Porifera	0	0	0	0	0	0	0	0	8.333333333	21	42.66666667	72	0	0	0	0	0	0	0	0
Porifera	0	0	0	0	0	0	0	0	49.66666667	0	10.66666667	60.33333334	0	0	0	0	0	0	0	0
Porifera	0	0	13	13	0	0	0	0	0	0	1.666666667	1.666666667	0	0	0	0	41.33333333	0	4	45.33333333
Porifera	0	3.666666667	1.333333333	5	0	0	6.666666667	6.666666667	0	8.333333333	9.666666667	18	2.666666667	0	0	2.666666667	17	2.333333333	5	24.33333333
Porifera	0	0	25	25	0	28	0	28	0	0	0	0	5	0	0	5	0	0	0	0
Porifera	0	1.333333333	3.333333333	4.666666666	0	6	0	6	0	1.666666667	0	1.666666667	0	8.666666667	0	8.666666667	3.333333333	6	26	35.33333333
Porifera	0	4	39.66666667	43.66666667	0	0	0	0	0	0	0	0	0	0	0	0	0	0	0	0
Porifera	0	0	10.66666667	10.66666667	1	10.66666667	0	11.66666667	0	2.666666667	1.333333333	4	4.666666667	2.333333333	0	7	1	3.666666667	2.666666667	7.333333334
Porifera	0	0	0	0	0	0	6	6	0	0	0	0	0	0	0	0	20.66666667	1	23	44.66666667
Porifera	0	6.666666667	0	6.666666667	3.666666667	2.333333333	1.666666667	7.666666667	13	0	12.33333333	25.33333333	0	0	0	0	0	0	0	0
Porifera	0	0	0	0	0	0	0	0	0	32.66666667	24.33333333	57	0	0	0	0	11.33333333	0	3.666666667	15
Porifera	0	10	1.333333333	11.33333333	0	6.333333333	0	6.333333333	0	0	19.66666667	19.66666667	0	0	0	0	9.333333333	0	1	10.33333333
Porifera	0	26	6.333333333	32.33333333	0	0	0	0	0	0	0	0	0	0	0	0	0	0	7	7
Porifera	0	1.666666667	0	1.666666667	0	3	0	3	12.33333333	3.666666667	0	16	0	0	0	0	0	19.33333333	3.333333333	22.66666666
Porifera	0	0	0	0	0	36.66666667	0	36.66666667	0	0	0	0	0	0	0	0	0	0	0	0
Porifera	17.66666667	2.333333333	120	140	14	37.66666667	44.66666667	96.33333334	4.666666667	55	16	75.66666667	12.33333333	0	0	12.33333333	80.33333333	31.33333333	57	168.6666667
Porifera	0	16.33333333	0	16.33333333	7.666666667	0	0	7.666666667	0	0	0	0	0	0	0	0	8.666666667	0	0	8.666666667
Porifera	0	0	3	3	0	30.66666667	0	30.66666667	0	0	0	0	0	0	0	0	0	0	0	0
Porifera	0	10	0	10	0	0	0	0	0	20.66666667	0	20.66666667	0	0	0	0	0	0	0	0
Porifera	0	9.333333333	3.333333333	12.66666667	0	0	2.666666667	2.666666667	0	5.666666667	7.333333333	13	0	0	0	0	0	0	4	4
Porifera	0	0	0	0	15	0	0	15	0	1	5	6	0	0	0	0	6.666666667	0	8	14.66666667
Porifera	12	0	2	14	0	0	0	0	0	0	0	0	0	5.666666667	0	5.666666667	0	16.33333333	0	16.33333333
Porifera	0	24	18.33333333	42.33333333	16.33333333	75.66666667	68.33333333	160.3333333	76.33333333	13	0	89.33333333	14	5.333333333	0	19.33333333	59.66666667	23.66666667	24.33333333	107.6666667
Porifera	0	0	0	0	0	0	0	0	0	0	0	0	0	0	0	0	0	0	28.33333333	28.33333333
Porifera	0	0	11.33333333	11.33333333	0	0	2.666666667	2.666666667	2.666666667	1	0	3.666666667	0	0	0	0	10	2	8	20
Porifera	0	43.33333333	28.66666667	72	13	67	58	138	21.66666667	12	8.333333333	42	10	5	0	15	87.33333333	35.33333333	50	172.6666667
Rotifera	0	0	0	0	11.33333333	0	0	11.33333333	0	0	0	0	0	0	0	0	17.33333333	0	0	17.33333333
Rotifera	0	3	10.33333333	13.33333333	0	0	0	0	0	0	0	0	0	0	0	0	4.333333333	0	0	4.333333333
Rotifera	0	2	0	2	0	0	0	0	0	7	0	7	0	0	0	0	1.333333333	0	2.333333333	3.666666666
Rotifera	0	6	34.33333333	40.33333333	13.33333333	9	15	37.33333333	13	19.33333333	10.33333333	42.66666666	2	0	0	2	3.333333333	4.333333333	4	11.66666667
Rotifera	0	0	0	0	0	0	0	0	0	35.33333333	52	87.33333333	0	0	0	0	0	0	0	0
Rotifera	0	1	10.66666667	11.66666667	1.666666667	16.66666667	5.666666667	24	0	2.333333333	7.666666667	10	10	5.666666667	0	15.66666667	22.33333333	0	8	30.33333333
Rotifera	0	0	0	0	0	0	2.333333333	2.333333333	12.66666667	3.666666667	26	42.33333334	0	0	0	0	0	0	0	0
Rotifera	0	8	2.333333333	10.33333333	0	0	0	0	0	1	0	1	17.66666667	0	0	17.66666667	6.666666667	0	6.666666667	13.33333333
Rotifera	130	25	2.666666667	157.6666667	55.33333333	72	79.33333333	206.6666667	27.66666667	2.333333333	38.33333333	68.33333333	18.33333333	0	0	18.33333333	5	11	13.33333333	29.33333333
Rotifera	3.666666667	0	0	3.666666667	0	0	0	0	19	1.333333333	4.333333333	24.66666667	8.333333333	0	0	8.333333333	0	0	0	0